tabular/bioclim/current/ascii/bio12.asc
NCOLS 240 
NROWS 94 
XLLCORNER -180 
YLLCORNER -57.499992177 
CELLSIZE 1.5 
NODATA_value -9999 
[rows 0 to 26 of 94, columns 124 to 185 of 240]
-9999 -9999 -9999 -9999 -9999 -9999 -9999 -9999 -9999 -9999 -9999 -9999 -9999 -9999 -9999 -9999 -9999 -9999 -9999 -9999 -9999 -9999 -9999 -9999 -9999 -9999 -9999 -9999 -9999 -9999 -9999 -9999 -9999 -9999 -9999 -9999 -9999 -9999 -9999 -9999 -9999 -9999 -9999 -9999 -9999 -9999 -9999 -9999 -9999 -9999 -9999 -9999 -9999 -9999 -9999 -9999 -9999 -9999 -9999 -9999 -9999 -9999
-9999 -9999 -9999 -9999 -9999 -9999 -9999 -9999 -9999 234.500439726122 252.000629744758 -9999 -9999 -9999 -9999 -9999 -9999 -9999 -9999 -9999 -9999 -9999 -9999 -9999 -9999 -9999 249 247.333380896527 241.000000104306 241.499945650724 244.500688768661 -9999 241.500103966577 240.999960104019 238.714237256795 216.857381611678 219.750196902277 198.000049612775 195.200192975299 178.000060706525 -9999 -9999 -9999 -9999 -9999 -9999 -9999 -9999 159.000002894275 152.000465111553 -9999 -9999 -9999 -9999 -9999 -9999 130.333333594097 128.999914651984 150.999470311107 170.199808150044 167.333669795382 160.999913087401
-9999 -9999 -9999 394.199520674131 408.000350533276 344.333388758832 265.800027568768 294.000448499925 246.999908975419 261.555584742609 282.874850388184 315.222132336258 348.33328718651 328.50035072804 315 -9999 -9999 315.333355472186 325 -9999 -9999 -9999 -9999 -9999 -9999 -9999 256.000070797392 269.332922343249 268.999153849892 254.749917351048 241.333679575102 256.000157135519 250.999711701269 267.999446242312 289.333436803577 253.000110851831 224.66709437105 -9999 -9999 -9999 -9999 -9999 -9999 -9999 -9999 -9999 -9999 -9999 -9999 -9999 -9999 -9999 -9999 -9999 -9999 -9999 128.999954353522 137.222052690823 153.444215398393 186.11079470934 188.333544621444 209.499587667202
-9999 -9999 -9999 411.199991208178 455.399586667597 385.667762406315 289.000382386845 303.444365544724 301.428928422046 308.499566688779 334.749536795596 366.79996681451 368.000154032547 359.000064695517 372.998631542307 354.667020340748 348.000197372177 -9999 -9999 -9999 -9999 -9999 -9999 -9999 -9999 -9999 -9999 -9999 -9999 -9999 -9999 -9999 -9999 -9999 -9999 -9999 -9999 -9999 -9999 -9999 -9999 -9999 -9999 -9999 -9999 -9999 -9999 -9999 -9999 -9999 -9999 -9999 -9999 -9999 -9999 -9999 -9999 -9999 171.999914339067 -9999 178.999884377298 195.666336199991
-9999 -9999 -9999 -9999 -9999 411.000844519979 363.800055106108 311.800838082647 -9999 -9999 339.000818668186 372.000527690307 -9999 -9999 -9999 -9999 -9999 -9999 -9999 -9999 -9999 -9999 -9999 -9999 -9999 -9999 -9999 -9999 -9999 -9999 -9999 -9999 -9999 -9999 -9999 -9999 260 251.000151347353 248.666451304235 236.250371372799 225.499810097805 209.333677971459 -9999 -9999 -9999 -9999 -9999 -9999 -9999 -9999 -9999 -9999 -9999 -9999 -9999 177.500084409266 175 -9999 -9999 212.833221504194 214.500080223336 225.999859266347
-9999 -9999 -9999 -9999 -9999 -9999 -9999 -9999 -9999 -9999 -9999 -9999 -9999 -9999 -9999 -9999 -9999 -9999 -9999 -9999 -9999 -9999 -9999 -9999 -9999 -9999 -9999 -9999 -9999 -9999 -9999 -9999 -9999 327.399378032461 371.142066974072 346.111470114969 320.000473933672 296.200431183228 247.334190048453 217.333625937942 206.000077055725 -9999 -9999 -9999 -9999 -9999 -9999 -9999 -9999 -9999 234.750033305873 215 248.999883595046 240.750071306054 243.749827054999 241.571363316622 249.333317373525 247.777666109268 256.888879796421 251.444469677696 254.444359939127 254.889005205712
-9999 -9999 -9999 -9999 -9999 -9999 -9999 -9999 420 -9999 -9999 -9999 -9999 -9999 -9999 -9999 -9999 -9999 -9999 -9999 -9999 -9999 -9999 -9999 -9999 -9999 -9999 -9999 -9999 -9999 -9999 326.999878092888 355.42821760822 368.444251122673 333.286563877813 302.000361066962 -9999 -9999 -9999 -9999 -9999 -9999 213.999671046204 221.999753891355 -9999 -9999 278.999919971567 -9999 321.999756629075 343.499625517129 351.666716576955 332.000028474116 286.125273771663 275.777843707501 273.777760888415 276.666701556449 279.888788790405 284.666590384067 289.44430001565 289.888891227813 285.110999200916 276.222092857567
-9999 -9999 -9999 -9999 -9999 -9999 -9999 -9999 -9999 -9999 -9999 -9999 -9999 -9999 -9999 -9999 -9999 -9999 -9999 -9999 -9999 -9999 -9999 -9999 -9999 -9999 -9999 -9999 -9999 -9999 350.499869160218 375.110529660123 376.444661677921 342.875451332622 -9999 -9999 -9999 -9999 -9999 -9999 -9999 227.666607264864 228.666600884491 242.888751813658 256.599846655076 287.199730813643 303.599892637484 331.199824250383 343.749828472692 359.83324092448 362.111157900856 347.111268482536 331.000085303488 324.999931506283 322.111003746151 317.11108499968 318.66656437731 319.333352629338 317.555535720377 310.888906864653 300.333329535587 291.33336166093
-9999 -9999 -9999 -9999 -9999 -9999 -9999 -9999 906.000311743212 694.000561920075 584.250323357826 647.499486320162 579.000986005262 481.714716311396 475.999430455428 528.499760161124 552.375387439193 -9999 -9999 -9999 -9999 -9999 -9999 -9999 -9999 -9999 -9999 -9999 -9999 -9999 356.999522882885 360.999968301778 373.333180187319 365.000180348862 362.500259834809 348.666775509994 -9999 -9999 -9999 -9999 239.499995560563 246.555411205317 261.222021886053 275.222098758966 290.166505552883 318.124803615293 337.555396463129 357.66657053102 376.888780236584 390.777706432823 389.555662303375 381.666557893692 376.11129845199 368.111068580445 366.88885380772 369.666386554494 382.777619492354 384.222199769193 379.2225314337 363.44494042455 344.000014116036 318.000381434721
-9999 -9999 -9999 -9999 -9999 1264.99932519268 1281.800480922 915.803325927293 764.000463989429 605.334697074153 531.33352144744 536.444657983643 489.223116354697 430.222387208092 435.666231921797 471.777624658286 515.110710864077 525.333384530122 501.666786121027 487.166688101328 486.000187932444 454.000749513606 -9999 -9999 413 -9999 -9999 -9999 387.666668420022 386.666740984915 -9999 413.333291272741 407.333324467267 405 396.000056611979 366.214349475939 350.125055385761 350.555499943112 341.285807803939 323.200265586955 284.500090372776 283.99989145655 303.33316481015 315.333141428421 327.142814887278 349.856921960516 373.666465756021 393.555290689186 412.555390883349 423.999892026202 429.110950776552 425.666644224154 417.111239832645 412.444383946279 439.555278997195 441.55572355317 467.33254243034 524.221675540742 500.444732298475 498.88875606462 454.555704541806 418.111449606394
-9999 -9999 -9999 -9999 1519.00165674297 1217.66825594545 1160.55645141384 868.891430535959 563.889955123541 486.444396650255 467.777852660147 475.666367423483 487.333312880228 492.555381668504 490.888816683147 515.888909991257 536.999715254374 555.333372699177 550.222583535878 491.889077204723 498.444418420328 486.889021235046 477.571561539438 467.333385954813 -9999 451.124780885645 443.000113833763 436.999964074336 433.599905123117 434.624828785802 444.777715228849 450.666482871902 457.11108766706 454.889023615794 441.666754638852 424.444605247999 421.222106998948 407.333566498118 404.222085521312 411.110680783332 412.667080954791 365.666698896839 361.777738410198 364.222148564944 363.428505547281 401.249749412643 412.666500655164 428.999800663209 446.110964639928 456.777604309283 464.999848757236 467.777788850553 475.777689456641 480.33322365547 488.110918886226 501.222624716095 504.666478900909 502.111977334357 518.778211831934 496.000767755471 466.555284419437 422.77877146097
-9999 -9999 -9999 1942 2117.28699705438 1420.56184672137 899.112019256965 680.22365283595 540.444959070097 503.66681219742 490.444514417218 507.222004413203 516.444702364559 522.222086442075 546.333076933642 577.222015774989 548.888963087643 544.444348065916 498.778645575194 429.500235574929 447.833063130736 474.166637853092 479.714144378891 487.142956705667 507.166598840849 507.142764575183 504.888832789706 504.222203707694 501.333328491457 505.444481080067 515.444225846347 519.555439088605 520.666600901616 507.333340496138 504.999958728362 494.444542873077 493.444561455334 491.111130230979 475.999800813094 464.222576529267 453.33348935792 436.66673336951 425.222247906619 420.111201734764 429.857029849554 439.22203246359 459.555366371021 470.444317330365 482.110933505266 489.222149816965 492.666634531281 504.110945586805 516.11103333352 528.11091900683 535.333193529454 557.44418069594 537.889311121505 533.555481037855 521.00004674901 513.555625970897 479.77797585448 439.666974655332
-9999 -9999 1176.9991665465 1378.39938478019 1476.78082043737 969.892621426719 642.44575060395 577.222296053533 573.333326857335 574.222245881039 541.40009213795 516.999936556149 495.667030144907 509.666224706476 560.666240056983 591.444266534148 572.555702921628 548.222298626574 496.889476589053 450.000339140367 463.799457277217 523.832907270542 536.571181596923 545.333364476973 550.222369716933 551.88886012604 557.222166209939 590.555238953678 580.777988682634 577.77782047298 577.333290080207 575.999984927595 581.444293226324 592.666486695558 610.444287612281 628.554739231314 573.666747233879 508.000258846852 509.555353045756 509.333243134936 514.777608098937 503.666730718074 491.222212947436 485.555524680291 482.888783409737 490.111024736487 497.66661274898 504.777694080746 510.777677184026 513.555494719104 520.111011611822 537.555295270082 550.999860951306 561.888942300557 574.66629798193 608.777115935564 598.000230443433 570.000555150796 535.000365430061 514.223379120652 497.666507438298 457.000349745023
1547.66893732375 1201.85814320978 1009.44599198787 830.667263718683 835.111833280972 632.112558607327 591.444421785467 623.110858776537 620.571780613679 577.000149324564 544.666677383976 554.110898866827 573.999828903477 587.333203149557 611.222002276127 613.778013854044 620.444354872201 590.666952254537 541.222376029201 566.221781686319 600.555302587442 608.888862802004 605.444286944182 585.000308952178 567.333305579348 578.555316376298 581.999861865213 585.444436430409 596.444316912892 590.55552297854 590.222088667529 613.444329560861 629.222055601887 644.555522716235 668.888660111411 649.334462072227 538.000765828684 519.666583456711 528.777666987717 551.332981406171 565.888890531213 548.000081427959 537.333338705101 533.555501107818 534.333303710243 536.666662346473 529.99997788698 526.111123705601 528.222221630288 538.444242257288 546.777611419186 552.333175353744 567.66651558817 576.444380687279 587.333031516483 602.999653419187 607.000126322233 612.333176059905 593.111577927978 550.444479259859 504.222614631277 460.888987000157
1773.56073128964 976.226299971197 748.445325797118 597.556593520329 655.555719115677 657.333603274857 639.332996895291 655.562399675823 -9999 -9999 600.42817466162 598.666977417193 620.332941770558 643.333342894426 638.555549931396 648.555578937765 626.555493225119 630.555487982759 611.444689308516 621.444025492165 661.777841316408 630.111372909353 639.999814978789 629.77813404202 585.222417300315 582.666682885706 574.2222297248 576.666441297875 603.444343867631 585.111230672254 590.110915686159 624.888627585664 653.110762453074 677.444303649099 678.111109061218 656.334021765035 546.111570707082 528.111016175285 536.333249315668 561.333147165754 564.555679306618 554.888941728683 546.222283336392 547.333323633471 558.999846783815 557.555696132866 539.222371631387 525.666735152588 525.444396977211 535.666629281191 541.999898789571 551.99990076232 566.444356010142 579.888597677742 593.22224786385 584.111042159639 595.777631586926 599.777666124708 606.000372040299 574.889634079632 525.667425817331 456.778275845737
1989.00604592594 1014.44791132102 746.111071932269 733.222290041411 699.333604037302 702.444164654506 658.55591999285 587.87550795197 529.000422490242 548.999710199907 625.999430417507 616.000291629528 639.33305577623 622.571631006952 628.66639067466 678.111255085516 635.3335150856 659.332829451049 695.110938059401 695.333497776799 643.222810764679 581.0002267525 605.444298129118 628.333231662981 622.888798769737 616.666623258648 605.77802851873 603.33308732876 622.111083539278 616.555635670757 618.11098116376 638.333251053 661.888539743662 694.221832684868 710.110781786157 647.779809473649 517.555786844823 506.444468130901 508.777722236307 508.444472763245 522.777610220809 528.777829618238 529.777762358158 537.555504872103 549.99997432309 552.666648431506 541.222324893609 525.222313117131 524.444312784452 528.666625979121 528.666660721552 536.888807983188 551.777674801978 563.333266795788 564.000066833837 550.777951281142 565.999993193619 594.222139002833 583.6671443862 528.667241623453 480.111594611229 431.77826463888
1785.89058892879 1160.33642030409 783.001126547273 763.571090249073 709.667594498928 632.444350394885 591.555924442595 539.857767862778 504.666875383308 -9999 589.000111670713 577.166558579231 663.666503149856 622.111337063313 625.888492197521 665.000155450527 612.555981574884 655.888161332638 698.666925048258 661.333770983236 616.889042097236 589.333460429392 589.888843958821 617.999790911067 631.222189243514 625.000003224887 624.777917728515 626.666599902784 644.333228680254 626.777968544868 621.000057037215 632.555404834863 635.777805956765 651.222115492098 704.999508711258 690.001401631472 530.889561711535 496.666794163478 490.777819604062 490.444395421195 502.11100287659 497.111198641728 498.888864029945 502.888893982063 512.222200953013 520.666609456017 528.111126148916 532.222163733897 526.222471660626 507.000111329017 496.888942345678 505.444394082141 527.999750554454 541.222272549534 531.777976505822 514.111309770878 503.88909945527 504.444286423243 509.444726904209 470.000170223331 416.44522644061 373.000320921888
-9999 836.500859955102 680.601039321558 643.332150958779 876.624210871366 697.556905128947 573.334245615454 485.000391928669 526.199724664499 -9999 674.332913739089 648.333343607409 652.124931471537 659.666830773088 632.889010038585 636.000034663743 607.889120680651 638.332905384067 655.778050945706 619.333603831415 601.444459308275 611.555635687068 602.000148329896 619.77762718706 605.222518684155 610.888868680059 597.555777317082 594.333368102789 605.000025242155 597.444577391303 589.333543603962 575.333382156774 591.88864868463 603.00011432713 615.333064651447 627.334174529647 527.000778596879 484.666808088636 470.666740681443 472.111159734245 479.666621138703 459.44471596996 443.666755935509 451.555522613151 462.555509774746 468.444396681927 480.666720331805 481.555660209915 473.889025896036 464.333413093517 464.33329904424 478.333016253953 520.554864967793 539.555671918646 499.667088243948 474.444634533431 463.444366773035 475.444539509173 454.556146906709 400.77857935335 395.555409609458 385.778090920248
-9999 830.399977253614 711.66834834882 586.37514528049 649.142623068919 623.000985463977 550.000691365168 511.500215477676 -9999 742 757.333092351584 658.112057839777 624.333210261459 655.222230766133 637.888901648783 646.888798316704 636.888948533287 641.888802767371 640.444541283461 634.666683103173 654.221974192408 642.556029283941 604.444572575587 606.222219571914 586.555752170725 582.000082861127 554.000222511093 545.444558813925 547.777713370283 560.888721662293 565.99996486675 552.55564686578 567.222153528125 573.778067274232 566.888652520616 600.777067624391 520.556631346961 444.555946648815 429.111314672809 408.88904310602 401.111306963158 391.444635176775 387.777861154227 401.888786392636 413.555477257992 414.888979782316 414.666770407586 401.55574070781 404.888945910143 406.666708345787 427.777538987961 466.555175962436 525.110425172072 532.778406862276 490.111382703504 466.777879229821 453.555132250891 502.665856890547 507.333904748307 407.000898089839 403.554959735363 422.555723648417
799.000058593643 800.50004739403 770.77875154938 628.375410770708 563.750239693564 547.749998201924 634.999438909311 652.12536168174 583.250119604298 698.374954127602 677.889399458853 606.444749904577 645.443976060364 651.777870261762 645.889182455517 636.55563214323 619.333464706553 627.444531523141 611.222414647511 625.444375637691 635.777850600474 607.667188611415 565.444573662445 575.88890171067 557.778013534316 552.222432832767 550.111106488354 540.000192049986 517.666791165139 535.555539049028 546.555547411306 546.444254785212 548.999895608127 534.444475375887 531.444338666989 491.000745656952 442.556250780482 391.333661488293 367.666993213812 349.88896322543 340.444597148099 335.333393683156 337.999967473668 352.444333125528 364.22221048037 357.333586213738 335.111446540194 320.444515928677 342.444241954034 365.444221953156 403.888622700388 445.333113734869 496.443892911802 495.333315561607 492.11083058134 511.222794851259 435.667244976808 515.553615665485 659.887301736633 636.333670890808 570.445252439261 476.890077823588
781.222300929122 788.666768390584 701.445021618114 582.88935648395 560.222086251405 547.111378123015 566.999902449981 548.11150059809 536.888905064837 553.666861051199 545.2221049853 565.555559900527 610.777546036172 618.444577955964 617.666789137661 618.999966413827 601.666794484299 596.888865654777 586.666739558522 611.333028622052 621.00023132216 588.667032370359 551.778013272199 541.555713848103 533.333418568699 526.333376273458 534.555393770352 562.444633221351 481.333610421607 491.33325501863 494.66691725165 467.111502127687 455.222445273124 447.444344723109 436.00026475596 359.889440855432 349.333636306023 329.666877026291 314.666840831951 305.000021513206 308.444362825971 321.777739255082 323.222246350505 332.888846872898 325.3335460557 305.889152051427 284.777891392842 282.333387763402 292.77764057285 328.888478856145 420.99894358633 467.999917493606 502.110731315377 497.333610019321 506.333554948346 455.111874567877 425.445091350679 631.330769807251 805.554718507835 635.891252451081 477.445598819235 458.554967444454
821.66602483563 877.113306973297 766.333086955258 623.668297359839 578.221524919843 604.555748562958 631.999395904679 557.222282428893 572.777395313938 590.7778198798 553.666770728469 541.666598042396 577.222036896845 600.666271340284 643.222140558474 630.555615610342 608.778107886184 594.110989369468 606.00006377276 604.111230975141 592.000304850683 566.333469279812 532.000408914025 497.222292124347 488.666828175906 463.000274108106 429.111540327328 434.44473056677 393.667164468064 363.22267251896 338.111356918225 330.444832540641 334.888883987834 350.444293977255 348.889147132803 310.333670519799 296.111364331166 276.222409859328 265.333477537209 261.333116874964 272.888795181722 285.11108992983 290.888911688389 309.999861752501 322.222218119052 301.333477050744 275.333615799933 252.889074040322 250.555385981647 301.666011062769 487.108507705596 615.777651905563 598.223302099205 506.110951035712 455.334721934774 355.556401315037 337.555612021275 415.444408034874 483.445752819669 412.334057968947 366.222546367582 362.998736150972
801.446577843209 688.555477587722 682.777941291405 689.111101068522 693.667377227705 623.666550624193 634.777255815591 653.88807079177 795.999492405407 850.665352574774 691.444811513571 679.444232393376 647.889268464257 640.777281169515 660.778179700593 628.555467184145 601.333851601859 568.222213798471 565.33376723621 554.778036055814 539.000102577962 519.888978881579 506.999989717889 497.778158465838 423.667332153005 406.777877460468 364.667293387154 303.222789861718 273.667069565468 247.66686766477 237.889035699666 240.888918120786 260.777743296846 286.999815121778 295.778104704017 269.222507316945 236.333565066693 219.444640748002 212.888980086976 214.333264500912 231.888713342597 249.444424818477 252.888829357985 267.444436325061 292.222091060464 294.44430458342 289.88906936306 274.999937773806 262.111107813438 304.332763275267 401.999334103895 525.777090257805 496.778344068323 459.779467037873 324.002136145966 193.889168251114 193.999865886616 172.555842256572 216.11055506279 245.666926828029 260.333601141775 272.111510739347
854.111113066699 919.441929759835 878.111373529778 882.444203709225 1019.88541112312 1055.55642296538 765.335007689882 619.33413233831 660.889651362874 628.667531816713 642.666850114873 766.442895417311 765.778706281163 635.444896454398 611.889145471425 595.555780969331 542.222894819502 507.222345487326 496.444705513479 505.333280111633 531.444503611878 521.777564274011 502.555864333089 469.889140542759 405.556150148915 368.555806715961 316.778365645311 258.444921885915 219.889203518639 195.777979026543 186.333426530988 187.33338130523 203.888821176899 222.999941050744 231.888968092687 211.555954542316 185.88919579818 174.333406617495 174.000025208164 180.111056282136 198.666630698599 204.111209584109 206.333347910675 216.555508471248 228.666708443611 228.666787600078 243.333556513117 271.444203109366 300.444086355546 334.443845391747 381.111245776912 332.666841449346 313.333736871668 258.445255198485 224.222641347905 156.222718402518 165.777679418516 118.223215036325 108.221989806302 150.554984764674 232.999550199878 232.999963934202
1190.33092241569 1375.33233894151 1214.22590300217 977.7802453486 1167.10884842831 1254.11418146891 927.893027139077 672.667217841862 567.445036656658 532.999965101098 598.665972795546 687.221758662868 674.777221664207 649.555046662315 546.555605406951 516.222658664926 472.625496872045 443.000317158009 419.555791042527 435.874769313063 507.499825981923 538.12465790488 577.666516570369 504.334087068547 407.333976142514 333.556165446437 264.333760535142 233.88913459837 200.000260399938 170.666914236011 155.111253349187 150.000085000673 155.444390814678 163.999986180667 170.777864126487 163.444623685701 151.000158457475 144.77791847631 148.111125505789 154.999915104067 160.333339975231 160.22226677047 164.333232497355 173.222252862122 167.222378394511 149.444500787793 186.110556649128 242.888377453621 280.888621744463 305.888655858338 355.888525809589 315.223192829207 249.335133441198 155.889874341597 145.444089306773 164.666768561726 165.555748362652 144.444149365209 108.22311961985 105.221379867873 168.44434754599 148.999544321831
1311.89304857572 986.333104206474 930.66850796578 808.222019534723 959.600334338331 1222.99846530906 1143.77971898409 896.55652210008 732.333826701557 623.888986661785 680.665861671121 744.333772972895 660.444949734324 629.445436473351 484.778120736726 401.778759298924 424.998815782426 423.000150590169 482.373361868707 463.834328247018 474.332519196495 680.331844967269 697.666643791948 583.222983579743 461.334165184246 365.889529991907 285.444771492415 243.667013263342 198.222548568124 160.444654021055 140.111204378499 129.444462681079 126.22225465278 129.999966170971 140.000013498517 134.333465601816 127.444531634941 124.777784149005 130.888819004651 144.888781115581 148.999984267208 147.000006936783 149.333234190076 163.110977129311 173.777706241148 173.44419752474 229.999311156262 271.999408535509 363.554251037872 452.88719963684 355.557329701094 230.777698048863 142.223059781708 126.110905367706 163.444028779186 171.555821586711 126.334076568284 79.1112124149804 101.888767421682 121.666449773565 106.222388786501 107.000020604585
944.372928854165 903.797515552054 926.251991594839 825.778496269855 818.571487379294 878.000305368948 972.143879802664 1093.55436224217 1046.33313371348 871.223073512328 676.890090863592 622.110917881319 583.889144355039 595.444529810337 518.778407223605 423.501469722343 -9999 -9999 571.505431685434 -9999 -9999 989.497314001049 1140.99998259496 936.001177529545 742.889216570493 605.111468467088 423.778793352721 306.556257110306 195.500444810789 168.750279052058 143.555665181472 124.555675715203 118.444428068995 119.999986510526 126.444333282014 124.222223674756 116.444502308118 114.111143932882 119.777731648452 141.777484522684 168.444184965863 214.888283445192 242.776998580441 231.777720528804 248.555016112329 325.776768620763 362.444180851416 395.555307385571 373.444920418085 328.889157830492 327.111886848252 268.666762187376 268.889072676294 238.222600300861 214.999933951695 170.889665071106 98.0006672864822 114.99986047933 128.778183476209 50.1114573514526 54.1112193090678 56.9999479765803
