tabular/bioclim/current/ascii/bio11.asc
NCOLS 240 
NROWS 94 
XLLCORNER -180 
YLLCORNER -57.499992177 
CELLSIZE 1.5 
NODATA_value -9999 
[rows 0 to 27 of 94, columns 62 to 123 of 240]
-389.666669587025 -399.999881665132 -396.000096717475 -388.666672233879 -396.833277451514 -395.166595621381 -391.500020039657 -369.000061283027 -367.555500638806 -363.444464740242 -378.166627825587 -369.999988486877 -347.000054225987 -340.166818326922 -336.000015150689 -335.200012156524 -337.666681999289 -324.000208401973 -9999 -305.999923178962 -309.666653550244 -307.000084800268 -309.666560483617 -299.000159900408 -292.750013142532 -294.749935206824 -295.499943414281 -299.833184385471 -295.555585691186 -296.77782840079 -298.888855128837 -305.777761436538 -304.777763192368 -307.777776378291 -309.222236034147 -319.222130720256 -312.555592114575 -317.666618399264 -322.555570054021 -320.44442440913 -309.333439046872 -303.333306318462 -300.000026415361 -300.333333333333 -9999 -9999 -9999 -9999 -9999 -9999 -9999 -9999 -9999 -9999 -9999 -9999 -9999 -9999 -9999 -9999 -9999 -9999
-396.000024198832 -398.444450807167 -403.444385398985 -393.77778123764 -391.111162794895 -380.555525055028 -382.888874407972 -379.555555042726 -384.666705303141 -362.222337132272 -341.000085826297 -339.333271888754 -326.999960746464 -322.375141565142 -318.77765642714 -313.000082866991 -309.166710357544 -309.666661720783 -317.999938268504 -324.444432110227 -319.777779576905 -316.111137361214 -310.888862690852 -311.333322537673 -311.666644458148 -315.777752474826 -315.444428989749 -312.222243335194 -310.777761358146 -322.999905499104 -340.444357636072 -353.111070597042 -351.000027449695 -338.444506323603 -329.111142350582 -322.111180708893 -313.666761532554 -313.111027145264 -323.888850460748 -322.000015211345 -318.333346189104 -315.666689040273 -303.22230656187 -306.444474110495 -308.142894402141 -306.999975383494 -285.571569920486 -270.777872209069 -258.875080556528 -247.800055042068 -238.000000000144 -9999 -9999 -9999 -9999 -9999 -9999 -9999 -9999 -9999 -9999 -9999
-378.714198656682 -371.666555233845 -370.555570749128 -365.555550522827 -377.000005284484 -377.555552774549 -370.66673304022 -366.222283006572 -352.999967013619 -337.666723200924 -318.000126001559 -321.999784061986 -9999 -289.666660903778 -288.714259474087 -297.222193625325 -309.888837396754 -317.555531330593 -322.111084391411 -330.555514711312 -338.666639190813 -342.666654636739 -343.44442294881 -347.222196606482 -349.333331759977 -347.666665719152 -346.88887938829 -348.999978191321 -352.888848114073 -359.111077515912 -361.555551087686 -358.00001524592 -354.555573774243 -351.777790529123 -347.666679331099 -340.888914721827 -330.222251766627 -323.22223941508 -323.999991290414 -320.777789633724 -315.555587229626 -309.333352377732 -306.888896598699 -302.555615062204 -299.444447339197 -286.000190599882 -267.000066635725 -262.000027145536 -9999 -9999 -9999 -9999 -9999 -9999 -9999 -9999 -9999 -9999 -9999 -9999 -9999 -9999
-358.333274809141 -362.222207914866 -354.444429042294 -360.777720583591 -393.999961041909 -369.7779820338 -355.555552722055 -340.124998161755 -315.500247320802 -292.500022295246 -295.428499659095 -288.222219831948 -296.111024068342 -302.444444844329 -311.222165732131 -319.333309108272 -321.999971150794 -326.222199127195 -336.555502411864 -346.999956461069 -352.111096030258 -351.444447408446 -351.333327996307 -351.111120715938 -350.333337079665 -351.111107060584 -353.555544264472 -355.66666956116 -357.555544751292 -358.33333835742 -357.666670786814 -355.222247073076 -352.888910601865 -351.111131433368 -347.666671569172 -344.333364816273 -340.777799230017 -337.888883664994 -343.222214903444 -338.333388258838 -330.000051379211 -322.000034942446 -303.555780281735 -267.000100498848 -260.888927081991 -254.500035711324 -251.999722678444 -9999 -9999 -9999 -9999 -9999 -9999 -9999 -9999 -9999 -9999 -9999 -9999 -9999 -9999 -9999
-351.222215433559 -345.222245256489 -345.555490251652 -340.555616287601 -349.888886142481 -336.285749354892 -322.000371509364 -9999 -9999 -281.00057756425 -278.500095498187 -270.428627071835 -270.777772380128 -279.666638391461 -287.333363086767 -293.222266778672 -296.000042592069 -289.555610307801 -291.333348518898 -297.888892470483 -303.222222535526 -310.999999165934 -317.444448790741 -321.000016150157 -325.999979625872 -332.777764252935 -338.888875520497 -341.222219249622 -343.888882978299 -344.888887220033 -344.33334604993 -342.666680886997 -341.000018435983 -339.666669396023 -337.111140351437 -334.888916955737 -334.222224829836 -334.999979938521 -344.222171877397 -344.222222787236 -344.666694116279 -306.11142461889 -258.666864152123 -245.111090597692 -248.222221587838 -235.714261072703 -9999 -9999 -9999 -9999 -9999 -9999 -9999 -9999 -9999 -9999 -9999 -9999 -9999 -9999 -9999 -9999
-330.666703734043 -329.374973578205 -340.777751223528 -355.444470251284 -336.833393582374 -325.499873895152 -9999 -9999 -9999 -9999 -9999 -9999 -9999 -264.999964562189 -9999 -9999 -9999 -9999 -238.000044408012 -240.3749525837 -251.999966709492 -267.666626544059 -282.222155188758 -296.888858675154 -301.555539631729 -310.111047719511 -321.111069397632 -329.999966109446 -337.555530739521 -341.222211461404 -340.555579910934 -337.777810060332 -335.333346249846 -332.777790763849 -330.444466192151 -327.888910462827 -326.111124618869 -325.111119247069 -331.555566420913 -325.111175572022 -320.111121437602 -315.666733387562 -295.222365146726 -260.222423783099 -231.889171835696 -205.699956512473 -202.000050770961 -9999 -9999 -9999 -9999 -9999 -9999 -9999 -9999 -9999 -9999 -9999 -9999 -9999 -9999 -9999
-312.666680452418 -299.749993585419 -314.749913732674 -321.833238910869 -319.333363112452 -352.749795215433 -330.333501733819 -9999 -9999 -9999 -9999 -9999 -9999 -9999 -9999 -9999 -9999 -9999 -9999 -224.999884768444 -207.62492625957 -240.110885915509 -269.222141715879 -284.999966674477 -292.666651829402 -299.333301372494 -311.222171912282 -321.555517423348 -326.555535746378 -328.555554416977 -330.555556929001 -331.777773144977 -331.77777892515 -328.888914408987 -323.888919754671 -317.666701183126 -312.555573861232 -307.111129025506 -305.666638104643 -285.778049128693 -262.444542779845 -238.667063915037 -240.000202734704 -223.222105653504 -212.833480142887 -200.000482283598 -9999 -9999 -9999 -9999 -9999 -9999 -9999 -9999 -9999 -9999 -9999 -9999 -9999 -9999 -9999 -9999
-296.500052296364 -295.888856797586 -304.99995448821 -314.666637982835 -314.999993228611 -328.222087181517 -327.222365825228 -324.999939462134 -299.500171752066 -281 -9999 -9999 -9999 -9999 -9999 -9999 -9999 -9999 -9999 -9999 -190.249977900126 -200.222208123037 -218.111015305896 -249.666528888588 -268.555479308474 -281.999950585425 -291.444428885691 -298.888868897253 -303.666673942101 -307.888891887804 -312.777763696768 -315.777783506029 -318.777783419106 -318.111139047783 -314.333368458305 -305.444505715374 -294.666755726348 -280.777867880544 -261.333474485576 -248.222486694649 -238.666779439123 -216.555827018217 -197.111368632271 -186.625214826904 -9999 -9999 -9999 -9999 -9999 -9999 -9999 -9999 -9999 -9999 -9999 -9999 -9999 -9999 -9999 -9999 -9999 -9999
-296.444451615434 -292.444449555402 -298.777739037022 -306.111085069524 -306.333344485477 -305.666663433409 -309.555537693691 -306.444493085815 -305.222218511129 -296.888947943068 -288.750145800274 -284.000048410478 -269.333354794826 -9999 -9999 -9999 -9999 -9999 -9999 -9999 -9999 -192.499700658083 -195.999882839001 -192.444452955837 -208.333314592542 -231.777683511953 -261.111031743521 -272.666636722518 -279.44442686918 -284.777774135912 -289.555562074796 -293.44442306206 -295.777780672451 -295.888902944242 -294.222247099251 -288.444492790203 -279.000076890711 -248.333563996412 -212.444730649705 -205.444535381345 -206.555480977134 -160.625246645695 -170.249941240769 -171.333283996636 -9999 -9999 -9999 -9999 -9999 -9999 -9999 -9999 -59.9998392408463 -9999 -9999 -9999 -9999 -9999 -9999 -9999 -9999 -9999
-286.500014589739 -293.999948699042 -299.666655558059 -303.666631750486 -298.666720696767 -286.000024485732 -284.200020151994 -281.444477613825 -278.444457126601 -281.000026545995 -274.000058984678 -284.999945892653 -269.555708258726 -251.666763123477 -9999 -9999 -9999 -9999 -9999 -9999 -9999 -189.499670656227 -180.857223310699 -157.833266304506 -171.333182177277 -210.777588193951 -231.777728945475 -250.555489669429 -257.444442514799 -262.999987700756 -267.444442149823 -271.777766313062 -274.555572235896 -274.00001949659 -262.555695012286 -236.444652047637 -234.333411815163 -223.111289161376 -230.222414717856 -206.666888992882 -171.111171853946 -157.833639445532 -155.666494459773 -9999 -9999 -9999 -9999 -9999 -9999 -9999 -9999 -9999 -9999 -9999 -9999 -9999 -9999 -9999 -9999 -9999 -9999 -9999
-291.249941826724 -298.222200848543 -302.666661790415 -298.28574228055 -9999 -281.000015841405 -269.749997222921 -266.777802072422 -262.400033403789 -256.857159251845 -259.111090850052 -266.111081940318 -268.888905117139 -270.333363156092 -263.571527619082 -239.250019381193 -9999 -9999 -9999 -9999 -9999 -9999 -151.444342086156 -159.111112223305 -172.777631176528 -187.666637548051 -205.555444400831 -229.777725729368 -237.555559997399 -241.8888819528 -243.222275114015 -239.88893511414 -239.555592680124 -241.555616496298 -218.33353094036 -161.222547517291 -132.000570037778 -133.999904356443 -124.99963287386 -114.999762183346 -9999 -9999 -9999 -9999 -9999 -9999 -9999 -9999 -9999 -9999 -9999 -9999 -9999 -9999 -9999 -9999 -9999 -9999 -9999 -9999 -9999 -9999
-287.555580658643 -286.555549014739 -287.37502517038 -288.500018110245 -9999 -9999 -9999 -9999 -250.666682755683 -251.888886776663 -251.999982633262 -254.888884125465 -254.111154936924 -248.857204815137 -258.333445209651 -254.444383722913 -237.250089279089 -216.000297270818 -9999 -9999 -9999 -9999 -140.874975187492 -168.777733699604 -164.77778146386 -182.999886646048 -205.888835180341 -217.777713099757 -220.444498196467 -208.55566529387 -177.33355881633 -161.77796373765 -134.222411501885 -126.555710701751 -116.857481769433 -106.999948644716 -9999 -9999 -9999 -9999 -9999 -9999 -31.2000328539606 -33.6001135727794 -27.999979371558 -35.9999427047649 -32.7497368562142 -32.6665963772459 -21.0000150220081 -9999 -9999 -9999 -9999 -9999 -9999 -9999 -9999 -9999 -9999 -9999 -9999 -9999
-283.199985269496 -285.111121697929 -285.571462824854 -274.000133798256 -9999 -251 -251.624987327142 -245.444482985286 -244.444444096777 -249.333319747759 -252.888873251661 -261.888837370771 -269.11108756431 -252.625088985642 -230.500052400805 -221.999987718289 -216.000036688909 -9999 -9999 -9999 -9999 -9999 -114.000199093218 -108.333303593069 -127.444366433538 -161.666475553261 -191.333223899355 -211.22221103552 -210.333368779948 -183.000188167436 -118.55594498015 -84.3334333233506 -9999 -9999 -9999 -9999 -9999 -9999 -9999 -9999 -9999 -3.00043863091375 -10.4997909984362 -17.874996656078 -25.3335072271187 -40.666655967629 -54.8889380079436 -35.2223758297819 -23.0000418756105 -9999 -9999 -9999 -9999 -9999 -9999 -9999 -9999 -9999 -9999 -9999 -9999 -9999
-280.333368040903 -276.800035406546 -269.200015520751 -264.499995768166 -259.000066377744 -238.000082061861 -239.750018579736 -9999 -233.999966909064 -238.333361000556 -244.428566131303 -252.111139500066 -253.666706251177 -237.333422922989 -216.000140204405 -197.666615583296 -9999 -9999 -9999 -9999 -9999 -9999 -9999 -79.6666893524684 -105.624806920864 -152.777568749472 -178.555500534551 -192.666654680489 -186.000156597906 -132.444927597404 -77.7142849234843 -9999 -9999 -9999 -9999 -9999 -9999 -9999 -9999 -9999 -9999 -9999 6.99993436636608 6.33294826567724 5.66683472914468 2.16658593354141 9.66658238880447 5.99979503959435 -9999 -9999 -9999 -9999 -9999 -9999 -9999 -9999 -9999 -9999 -9999 -9999 -9999 -9999
-9999 -9999 -263.000038958216 -9999 -246.250001809094 -239.000015763176 -240.222194181401 -242.333367180326 -242.777795422838 -240.875059062977 -227.000137878114 -9999 -225.333521917955 -218.5001665107 -186.000043136081 -184.000144880409 -9999 -9999 -9999 -9999 -9999 -9999 -9999 -9999 -66.9999710161797 -80.3748629726335 -115.888700558213 -133.000159570473 -148.555680913113 -79.6671216386063 -9999 -9999 -9999 -9999 -9999 -9999 -9999 -9999 -9999 -9999 -9999 -9999 -9999 -9999 -9999 -9999 -9999 -9999 -9999 -9999 -9999 -9999 -9999 28.39987752512 -9999 -9999 -9999 -9999 -9999 -9999 -9999 9.00010761922729
-9999 -9999 -9999 -9999 -242.999984471214 -237.500043182595 -233.888885690229 -235.000015472009 -234.666693734055 -231.88892574353 -224.555618799595 -210.714327522091 -207.000113705988 -9999 -184.749981224458 -180.500220539521 -9999 -9999 -9999 -9999 -9999 -9999 -9999 -9999 -9999 -40.0004076510472 -40.9999828685819 -56.1998308534674 -56.6254268562861 -37.7503322590985 -9999 -9999 -9999 -9999 -9999 -9999 -9999 -9999 -9999 -9999 -9999 -9999 -9999 -9999 -9999 -9999 -9999 -9999 -9999 -9999 -9999 -9999 -9999 -9999 -9999 -9999 33.0000371975467 28.7500957132271 -9999 -9999 -9999 11.285857613123
-9999 -9999 -9999 -9999 -238.000031213736 -233.999987150963 -232.666677175452 -231.222230627556 -228.666685172172 -225.333356993472 -223.000009222474 -216.444470138276 -213.400030164969 -202.749993037515 -201.66666260674 -200.750203668487 -174.166771557161 -9999 -9999 -9999 -9999 -9999 -9999 -9999 -9999 -9999 -9999 -9999 -9999 -9999 -9999 -9999 -9999 -9999 -9999 -9999 -9999 -9999 -9999 -9999 -9999 -9999 -9999 -9999 -9999 -9999 -9999 -9999 -9999 -9999 -9999 -9999 -9999 39.9999234916643 30.0002190020368 24.5000997419789 35.9999815123807 -9999 -9999 -9999 -9999 12.333543223053
-9999 -9999 -9999 -9999 -225.000005202455 -223.750010560964 -225.999984002133 -226.444470294846 -225.44445982087 -225.55557618177 -225.44447848244 -226.333363260089 -222.333345624202 -213.444472050316 -212.999950620237 -208.000044642983 -179.444593227576 -160.00013525867 -9999 -9999 -9999 -9999 -9999 -9999 -9999 -9999 -9999 -9999 -9999 -9999 -9999 -9999 -9999 -9999 -9999 -9999 -9999 -9999 -9999 -9999 -9999 -9999 -9999 -9999 -9999 -9999 -9999 -9999 -9999 -9999 -9999 -9999 -9999 36.3334031127923 16.111269187698 8.55549675338811 28.9999052973583 -9999 -9999 -9999 -9999 -9999
-223.400021982505 -218.00001355976 -215.000030274686 -9999 -216.999995032728 -216.750055484033 -215.85711829327 -219.999999809004 -222.333317226844 -224.222222326367 -225.11112414059 -228.111133728271 -221.888942631932 -217.333375281201 -214.666662494699 -207.444481446799 -188.555617869443 -155.875114400203 -135.375012722105 -9999 -9999 -9999 -9999 -9999 -9999 -9999 -9999 -9999 -9999 -9999 -9999 -9999 -9999 -9999 -9999 -9999 -9999 -9999 -9999 -9999 -9999 -9999 -9999 -9999 -9999 -9999 -9999 -9999 -9999 -9999 -9999 -9999 51.4999730500536 41.3333245338159 26.3751277967072 19.3333591223156 23.1426771617393 -9999 -9999 -9999 -9999 -9999
-213.888909550229 -213.222242657528 -210.000023468967 -207.66666392884 -206 -202.888881630988 -211.222210974832 -213.00000642363 -215.888886802869 -217.333352012753 -219.444451832835 -219.888900093334 -216.666716098737 -211.999991916623 -208.222246690696 -203.111141264351 -189.888934940265 -162.333442010985 -141.11124419573 -124.000095067673 -106.50015450194 -9999 -9999 -9999 -9999 -9999 -9999 -9999 -9999 -9999 -9999 -9999 -9999 -9999 -9999 -9999 -9999 -9999 -9999 -9999 -9999 -9999 -9999 -9999 -9999 -9999 -9999 -9999 -9999 -9999 -9999 51.2500586319168 42.7778499391612 39.4444534322122 35.7499156095136 28.7999537996884 24.2220818369822 36.7142824279974 -9999 -9999 -9999 -9999
-199.888897894292 -199.333347666881 -196.222245786844 -194.875006414988 -193.500048697659 -193.833317166137 -200.333332777218 -202.777786348341 -205.555573635251 -207.777787226262 -211.333312767786 -209.222268620702 -204.666700514045 -203.777760593912 -204.444455466245 -192.000082940487 -176.888976062719 -159.666738081634 -147.888934062101 -129.888965571149 -103.889012630086 -9999 -9999 -9999 -9999 -9999 -9999 -9999 -9999 -9999 -9999 -9999 -9999 -9999 -9999 -9999 -9999 -9999 -9999 -9999 -9999 -9999 -9999 -9999 -9999 -9999 -9999 -9999 -9999 -9999 -9999 55.2859071311756 49.777844272445 49.777671786227 52 32.3335296104577 35.3332644309033 34.1111385785477 35.2856562172988 42.9999431280663 -9999 25.750055229664
-184.333363286666 -182.444466635811 -180.555582475254 -178.111141507733 -177.285707815226 -181.000016080355 -187.888897120405 -189.222253757438 -190.666684233644 -194.555561883163 -192.111193764761 -190.222339079316 -184.666706199409 -181.333418229091 -176.889090042978 -165.333468531626 -150.889027459654 -139.111210836838 -123.333414492774 -107.285810887884 -93.3750981780628 -84.0000780727042 -9999 -9999 -9999 -9999 -9999 -9999 -9999 -9999 -9999 -9999 -9999 -9999 -9999 -9999 -9999 -9999 -9999 -9999 -9999 -9999 -9999 -9999 -9999 -9999 -9999 -9999 -9999 -9999 -9999 61.5001256346954 60.6666249702686 -9999 49.0000063953381 40.8890360021182 38.6666843546405 38.111111658205 40.4999701652584 39.0000265791892 32.2500538902288 26.0000596972384
-166.888945535959 -165.888898511326 -167.333356993616 -163.444434405271 -172.888889132331 -172.000003572701 -171.666703252242 -171.444449416823 -174.333344355313 -172.55563130791 -167.555583440773 -165.888962129214 -152.111231237151 -130.666804168599 -110.166862696668 -102.428634336315 -99.2857872296521 -105.000120239128 -97.0001250102638 -78.1664635858508 -77.3333575761427 -57.0000677462104 -49.0000790114541 -9999 -9999 -9999 -9999 -9999 -9999 -9999 -9999 -9999 -9999 -9999 -9999 -9999 -9999 -9999 -9999 -9999 -9999 -9999 -9999 -9999 -9999 -9999 -9999 -9999 -9999 -9999 -9999 -9999 -9999 69 49.5001155040642 53.4999602954813 60.9999486038717 56.0000828258 39.666690840596 33.3333747255931 25.5556221897693 16.1111477661325
-119.222253888359 -138.888899615594 -147.555583292543 -149.444467139759 -152.555606865444 -149.333372578666 -152.888909559141 -151.555558433198 -153.000003946792 -143.000083192793 -143.888882300442 -127.111279921122 -120.749945561516 -118.333355159156 -97.6667825425423 -89.0001577885919 -9999 -9999 -57.000029276724 -62.7779024997057 -61.6667230531109 -50.333409215814 -39.1666756112119 -9999 -9999 -9999 -9999 -9999 -9999 -9999 -9999 -9999 -9999 -9999 -9999 -9999 -9999 -9999 -9999 -9999 -9999 -9999 -9999 -9999 -9999 -9999 -9999 -9999 -9999 -9999 -9999 -9999 -9999 -9999 66.0001645159289 61.8889269518143 55.1666619608291 44.0000856267923 36.1111258613759 34.2222434830154 27.1112034737067 16.0000680071589
-81.6667248261072 -91.9999785482114 -111.777834207841 -116.555612472452 -116.000097534874 -123.444400237457 -129.555620720867 -125.777814154652 -126.666746678093 -114.333405391884 -112.111189105719 -112.555499457142 -109.777855372862 -106.444498631762 -84.0000998728507 -65.8000118131701 -53.9999999481804 -51.6000960187046 -40.0000376282272 -9999 -30.6667013493957 -30.6000178128828 -28.7500280779224 -9999 -9999 -9999 -9999 -9999 -9999 -9999 -9999 -9999 -9999 -9999 -9999 -9999 -9999 -9999 -9999 -9999 -9999 -9999 -9999 -9999 -9999 -9999 -9999 -9999 -9999 -9999 -9999 -9999 -9999 -9999 -9999 64 59.4000894471103 50.6667536918421 42.4445229513634 33.8889457879765 26.8889881608066 18.0001060092766
-59.6667382642183 -68.1110431825201 -67.222288273772 -65.666714082856 -75.6666573926449 -96.3333379494542 -93.3334392909372 -91.6667138568512 -87.0000595849927 -87.4444033311843 -103.111122314743 -93.1112235443122 -78.1112262224869 -62.7501715180953 -58.1111160313149 -52.8889528548474 -48.0000460779294 -40.4000900417862 -37.0000376282271 -9999 -9999 -9999 -9999 -9999 -9999 -9999 -9999 -9999 -9999 -9999 -9999 -9999 -9999 -9999 -9999 -9999 -9999 -9999 -9999 -9999 -9999 -9999 -9999 -9999 -9999 -9999 -9999 -9999 -9999 -9999 -9999 -9999 -9999 -9999 -9999 -9999 -9999 59.6667307147771 48.4444633586759 27.111288335045 12.4445107545884 18.5553695099478
-46.3333116554344 -58.0000665209816 -51.6667041909898 -49.7777752832079 -59.5555952616483 -48.6667258694936 -50.6667235661326 -63.4443795757235 -77.2223682764251 -71.2222568778194 -68.555644747114 -50.166812591017 -46.8750366018134 -27.0000073524702 -23.2857368497028 -35.4999961283276 -9999 -9999 -5 -9999 -9999 -9999 -9999 -9999 -9999 -9999 -9999 -9999 -9999 -9999 -9999 -9999 -9999 -9999 -9999 -9999 -9999 -9999 -9999 -9999 -9999 -9999 -9999 -9999 -9999 -9999 -9999 -9999 -9999 -9999 -9999 104 90.2499618055221 56.6672852432302 50.6669222492774 68.6671249612147 79.6668800780479 60.888976854555 50.1111130928696 48.4445050537263 53.666532173122 48.8889015956116
-34.8888676714056 -43.5555656472107 -35.8889323149939 -32.6666808180121 -36.2222415797347 -48.4443344364833 -44.0000725525551 -49.9999731151905 -49.2222214417249 -45.8889779491007 -24.4446319951372 -4.00001709359293 -9999 -9999 -9999 -9999 -9999 -9999 -9999 -9999 -9999 -9999 -9999 -9999 -9999 -9999 -9999 -9999 -9999 -9999 -9999 -9999 -9999 -9999 -9999 -9999 -9999 -9999 -9999 -9999 -9999 -9999 -9999 -9999 -9999 -9999 -9999 -9999 -9999 -9999 -9999 -9999 74.8892299231859 32.7779737008684 39.1109599639854 36.0001515542155 37.3333034674899 34.4444452540516 24.5553017304555 49.3328141090238 89.5000917961958 -9999
