tabular/bioclim/current/ascii/bio11.asc
NCOLS 240 
NROWS 94 
XLLCORNER -180 
YLLCORNER -57.499992177 
CELLSIZE 1.5 
NODATA_value -9999 
[rows 0 to 27 of 94, columns 0 to 61 of 240]
-9999 -9999 -9999 -9999 -9999 -9999 -9999 -9999 -9999 -9999 -9999 -9999 -9999 -9999 -9999 -9999 -9999 -9999 -9999 -9999 -9999 -9999 -9999 -9999 -9999 -9999 -9999 -9999 -9999 -9999 -9999 -9999 -9999 -9999 -9999 -9999 -9999 -9999 -9999 -9999 -9999 -9999 -9999 -9999 -9999 -9999 -9999 -9999 -9999 -9999 -9999 -9999 -9999 -9999 -9999 -9999 -9999 -9999 -9999 -9999 -9999 -9999
-9999 -9999 -9999 -9999 -9999 -9999 -9999 -9999 -9999 -9999 -9999 -9999 -9999 -9999 -9999 -9999 -9999 -9999 -9999 -9999 -9999 -9999 -9999 -9999 -9999 -9999 -9999 -9999 -9999 -9999 -9999 -9999 -9999 -9999 -9999 -9999 -9999 -9999 -9999 -9999 -9999 -9999 -9999 -9999 -9999 -9999 -9999 -9999 -9999 -9999 -9999 -9999 -9999 -9999 -9999 -9999 -379.999883151892 -382.666666549271 -386.857129267528 -383.500031969574 -387.499921917507 -394.77776001108
-9999 -9999 -9999 -9999 -9999 -9999 -9999 -9999 -9999 -9999 -9999 -9999 -9999 -9999 -9999 -9999 -9999 -9999 -9999 -9999 -9999 -9999 -9999 -9999 -9999 -9999 -9999 -9999 -9999 -9999 -9999 -9999 -9999 -9999 -9999 -9999 -9999 -9999 -9999 -9999 -9999 -9999 -9999 -9999 -9999 -9999 -9999 -9999 -9999 -370.000000000039 -372.999993168025 -373.000012086406 -9999 -372.9999874312 -371.000127122308 -368.999959242797 -372.375006346308 -374.88897348057 -389.333413996395 -392.444464071294 -391.749956710142 -381.250027380094
-9999 -9999 -9999 -9999 -9999 -9999 -9999 -9999 -9999 -9999 -9999 -9999 -9999 -9999 -9999 -9999 -9999 -9999 -9999 -9999 -9999 -9999 -9999 -9999 -9999 -9999 -9999 -9999 -9999 -9999 -9999 -9999 -9999 -9999 -9999 -9999 -9999 -9999 -9999 -9999 -9999 -9999 -358.999979895105 -359.500001916674 -361.999996694838 -363.142858260416 -362.00001825675 -363.999977861147 -9999 -355.99997668771 -367.666682481952 -367.42859403682 -364.111123697373 -358.571451302626 -357.500005515144 -351.250026089481 -347.000016454251 -347.500011538765 -360.000057328817 -367.500144880584 -372.666638961037 -359.000021268406
-9999 -9999 -9999 -9999 -9999 -9999 -9999 -9999 -9999 -9999 -9999 -9999 -9999 -9999 -9999 -9999 -9999 -9999 -9999 -9999 -9999 -9999 -9999 -9999 -9999 -9999 -9999 -9999 -9999 -9999 -9999 -9999 -9999 -9999 -9999 -9999 -9999 -9999 -338.666666379913 -344.666660877773 -348.500006082307 -350.750013318563 -351.749993976402 -350.750006499525 -350.200004208729 -357 -349.999988317809 -348.200010701731 -9999 -351.000007979459 -348.399987405162 -349.333315835924 -350.400018289908 -348.600011703145 -344.000027771321 -340.749981655299 -338.666689996352 -336.000029619491 -335.500010834765 -339.75000670812 -342.285732546329 -345.714212581172
-9999 -9999 -9999 -9999 -9999 -9999 -9999 -9999 -9999 -9999 -9999 -9999 -9999 -9999 -9999 -9999 -9999 -9999 -9999 -9999 -9999 -9999 -9999 -9999 -9999 -9999 -9999 -9999 -9999 -9999 -9999 -9999 -9999 -9999 -9999 -9999 -9999 -9999 -335 -336.000007379725 -341.333336592907 -343.999978825959 -348.333325327864 -349.500006131275 -348.222215233766 -344.666686354425 -341.57144135633 -340.666668631113 -338.99999886567 -336.000023046401 -337.499982300624 -343.6666528464 -347.666653211355 -342.500005388058 -338.714309831279 -328.500027719175 -323.499995697469 -324.416677325434 -328.200005319567 -331.666671377814 -333.00001299472 -331.333313411107
-9999 -9999 -9999 -9999 -9999 -9999 -9999 -9999 -9999 -9999 -9999 -9999 -9999 -9999 -9999 -9999 -9999 -9999 -9999 -9999 -9999 -9999 -9999 -9999 -9999 -9999 -9999 -9999 -9999 -9999 -9999 -9999 -9999 -9999 -9999 -9999 -306.333327570452 -310.222204055705 -314.444439272667 -317.777785409464 -321.444411822958 -328.444445487514 -326.666672194986 -325.333336749337 -340.666666614514 -338.000021278332 -9999 -327 -327.333339226538 -329.166680148261 -330.000017014899 -9999 -334.249993878601 -335.714283054505 -334.571434382704 -329.333381783092 -325.799969005618 -327.571425889136 -328.833320386387 -324.500053625851 -318.999921926923 -320.49996715349
-9999 -9999 -9999 -9999 -9999 -9999 -9999 -9999 -9999 -9999 -9999 -9999 -9999 -9999 -9999 -9999 -9999 -9999 -9999 -9999 -9999 -9999 -9999 -9999 -9999 -9999 -9999 -9999 -9999 -9999 -9999 -9999 -9999 -9999 -9999 -9999 -290.28570932375 -296.777767382028 -299.333341955982 -299.555571140677 -306.333336697357 -311.999983763357 -319.777773744623 -323.111111641348 -326.222209983738 -328.222221518169 -331.500003549628 -327.000019222108 -328.555551783142 -329.222222491752 -326.99999428921 -331.500002698869 -332.000005906299 -333.2500013886 -332.666690691648 -331.285708429882 -329.714249807206 -325.285769649644 -324.9999376777 -9999 -315.124992245468 -309.777809808324
-258.999989790979 -243.666661946778 -9999 -9999 -9999 -9999 -9999 -9999 -9999 -9999 -9999 -238 -240.999998096446 -247.6000060863 -252.666669235274 -262.62499091569 -280.714272225378 -302.999982202857 -316.399990675058 -307.000024485775 -294.000015802376 -284.666675402403 -280.5 -9999 -9999 -9999 -9999 -9999 -9999 -9999 -9999 -9999 -9999 -276 -278.999967300412 -279.000000000204 -281.999982711355 -297.999875850757 -288.000053430469 -285 -9999 -300.400005538777 -307.99999714478 -311.333349431327 -313.777776422018 -319.222220814142 -322.222231262159 -323.111112667015 -325.222208306141 -326.999997496726 -327.374998454992 -326.999996909953 -328.5 -331 -333 -337.249930610894 -341.444434587496 -340.55557451297 -329.800045028504 -315 -307.00002426669 -299.333354672642
-253.666660825484 -9999 -9999 -9999 -9999 -9999 -9999 -9999 -9999 -223.333339252588 -221.666682025737 -230.000006473492 -238.777771015255 -245.444436386776 -253.666651785694 -265.333311246504 -282.444426156154 -302.444427599101 -315.333334837145 -300.000028266905 -287.777793015112 -287.555538136411 -294.555523394529 -300.555513163586 -294.999967838729 -286.333314984041 -284.833329291227 -269.333339317679 -258.333322250868 -261.833327270563 -267.857136341865 -273.000001553419 -275.333334202527 -275.666656218718 -277.111096273597 -280.124992167287 -278.374987434454 -277.142836233281 -276.555534059886 -275.571424145758 -276.666656900936 -282.749993311325 -290.374998680012 -294.111102184477 -303.999998112869 -310.222223161058 -313.111112084693 -315.777773640418 -318.888882578505 -323.555541804582 -324.000009648307 -324.000000199985 -326.571416496215 -331.999993793788 -338.249978418547 -341.000007498735 -339.812495633899 -339.000019452941 -331.444482298575 -317.714356533889 -304.500017855866 -299.000008761645
-250.66667726247 -225.222231940108 -208.166677123398 -198.500016545603 -9999 -9999 -9999 -9999 -9999 -212.333362799857 -207.714310066175 -212.000014472643 -223.777784488298 -235.111119533968 -247.111133015585 -268.555555816344 -295.99997915629 -306.333336558105 -296.666705711979 -283.777798813103 -280.777764991861 -276.888948630231 -285.33332544967 -287.77778631369 -281.44447102512 -280.555559145491 -286.999984128094 -274.333373091183 -257.000046876643 -263.111095152589 -269.555561874685 -272.66666342452 -276.666660886351 -281.555540552903 -283.222218302011 -279.111121080951 -275.444443653466 -272.333338314024 -269.111118795049 -268.555559658358 -269.666683755632 -273.222211574535 -275.444472954604 -279.555533486335 -291.388867519322 -300.999966057277 -307.333333559228 -308.000003198676 -313.11109230145 -317.222218606313 -318.50000140817 -320.166661503529 -324.428554776897 -330.99997936704 -337.222203821022 -340.333331247271 -341.714273309367 -343.222225803258 -336.333369979352 -321.111198814387 -309.888905725387 -295.285782199695
-223.875012976398 -211.22223762484 -197.55556358717 -185.500016917246 -183.77780698364 -195.500003197772 -198.000015294009 -9999 -179.000003937545 -177.333329539184 -178.500000273823 -189.999981459671 -196.555559753953 -211.11111565729 -229.444424643808 -245.999988682897 -257.222249107242 -267.444469243375 -257.111147974697 -245.444453066953 -243.111149156926 -245.555556876932 -258.222212521875 -268.444444218556 -266.000005389192 -268.666663711459 -283.666658644017 -275.55558882031 -235.888942197722 -240.777745677869 -259.444439298871 -262.999997375087 -269.333327092358 -276.555553843299 -280.666691195925 -270.222243074805 -271.222233747989 -268.11112193288 -265.000011516924 -258.444443210247 -259.333331621009 -262.666670465251 -273.555527932078 -281.111090658605 -292.55553279965 -303.666645484071 -310.000006814745 -310.222229740851 -308.666679913449 -313.666654410923 -316.333327770424 -318.777776343629 -323.555542187082 -330.444431849616 -336.444426234494 -340.000003807075 -342.999987544126 -342.777794475443 -333.000044564667 -323.222253904894 -311.111152224799 -300.222260302551
-200.500011773613 -188.666667605417 -176.33334710181 -169.333347831976 -159.222259989848 -162.250013553309 -9999 -9999 -174.999997692336 -157.428617059052 -165.571413741438 -174.750013768491 -180.000012868941 -202.888899641326 -215.111125296803 -228.0000156721 -236.888921423918 -237.555576816685 -226.111153772482 -218.66671081437 -218.000038515285 -220.333345589612 -229.000058350826 -245.444453111019 -262.888868436167 -261.222198935836 -271.333304092976 -258.111171191432 -234.666689883512 -239.555536493676 -244.777802263637 -256.555533973191 -267.444460498705 -271.777798404187 -267.55558872498 -258.000024051307 -262.666672281912 -266.555550044757 -261.222228411077 -260.888881509314 -262.666655914425 -262.444434856965 -271.555540457319 -279.22221742426 -285.444431441159 -293.111096508493 -300.666678618503 -302.222237955076 -302.777772154165 -305.666658113687 -307.444467217891 -309.999999826226 -315.6666518032 -321.666668692029 -328.222213947385 -332.555559884404 -332.666690257271 -327.666691430759 -322.222250697801 -313.000063261369 -304.555603675149 -290.875067472563
-9999 -9999 -9999 -9999 -9999 -143.666663224591 -143.500004635165 -140.500018775001 -9999 -9999 -138.800002581645 -153.39999541589 -168.428569383524 -182.444444062107 -194.111112119563 -209.000010196187 -210.77782124754 -198.88894978633 -191.333366198468 -177.333417439011 -163.444486801897 -201.222163176961 -216.999992142335 -215.88895135941 -229.444437864739 -259.666655871182 -267.1111364314 -244.333393856769 -230.555548966909 -233.777786087447 -217.222266578401 -223.555530296556 -246.000001616948 -247.777806748981 -244.111156310316 -251.888930706768 -256.66666673614 -257.444429172484 -256.222246734248 -254.666667405583 -256.111105965471 -258.888889601688 -263.888897172647 -266.555565595126 -269.000016219819 -276.333330691153 -280.333347927585 -284.333338053473 -289.444450468288 -293.777773588385 -296.777786217844 -302.111112388858 -307.999982780994 -313.222221344427 -314.888909454568 -318.888882543903 -317.555590098256 -312.555583900774 -306.666693064757 -302.142892178421 -295.000018879304 -284
-9999 -9999 -9999 -9999 -9999 -9999 -9999 -9999 -9999 -117.400008746069 -125.777785444403 -139.777789008212 -153.666680974094 -167.111115613717 -173.66669735013 -171.333380375708 -167.444510791974 -170.777804393508 -145.333419846961 -116.333408199267 -117.66666071295 -158.777805046053 -178.22231244759 -177.444462655171 -183.11116146467 -214.333390580941 -229.555609794848 -219.444512078336 -217.222240832321 -212.444513868891 -195.333361635205 -208.777719740664 -227.88891021093 -225.555588559687 -219.000047650154 -233.555564525672 -239.777798691173 -235.888943962692 -237.666682078084 -242.00000260772 -245.000014429154 -243.444457213262 -243.333362356575 -242.000025555191 -244.333347553907 -251.555550027663 -259.666670865122 -267.777754865627 -274.88887998822 -279.888893313317 -283.888887785147 -288.888887559149 -296.555540048994 -300.333339835259 -300.111138439394 -301.111120985587 -299.44446122915 -297.000015372255 -297.000020783083 -9999 -9999 -9999
-9999 -9999 -9999 -9999 -91.0000578899707 -92.999974106107 -9999 -9999 -91.6666652846181 -92.7500117931421 -107.250014863722 -119.625014570397 -131.00002025303 -145.111123793283 -136.000051031981 -131.333373804358 -116.888980139584 -106.000104984231 -80.5715169380287 -78.2222505502282 -64.444456457337 -42.6250832759383 -52.1667891486163 -59.0001120368006 -85.0001111906559 -111.624995043227 -127.666833365627 -145.77795879262 -158.555578260322 -155.666757761159 -165.000036107618 -174.000042313597 -189.333350318314 -199.88890045857 -220.111106513127 -215.555603727674 -206.222298904522 -206.444482620687 -222.444421958105 -228.444449912002 -228.222224247734 -229.888882552511 -224.111135597005 -222.888892557097 -223.777793771537 -229.444447095752 -239.000009205106 -248.111113710299 -257.777780350844 -264.777791285546 -265.222232340132 -270.000011395621 -278.77778136787 -281.222241466887 -282.333360757179 -282.111132572149 -279.888920276405 -285.999946335286 -9999 -9999 -9999 -9999
-9999 -9999 -9999 -9999 -9999 -9999 -9999 -9999 -9999 -9999 -9999 -9999 -101.333376346878 -100.66672134936 -94.5714601987107 -92.6667153256492 -86.6666768712594 -60.5625131869389 -29.2000327623987 -38.0000642530507 -9999 -9999 9 -9999 -9999 -9999 -9999 -43.3334961549863 -67.1250871282002 -53.000051831868 -93.8889068481323 -117.00006573974 -145.444464654071 -162.000033751774 -183.777819752453 -180.777796413968 -172.444443923285 -180.888936104587 -196.777803506907 -200.777811547101 -201.444483420285 -200.666690440044 -205.333337227797 -210.000046225023 -205.666682547408 -209.555569028506 -216.111118256249 -223.555562048759 -232.222223326556 -237.000040079862 -236.222256991031 -246.444425913194 -257.888884977756 -258.777803932587 -259.222243631225 -262.777788321502 -261.666685911271 -257.833337140529 -9999 -9999 -9999 -9999
-9999 -9999 -9999 -9999 -9999 -9999 -43.0000030509374 -9999 -9999 -9999 -9999 -9999 -9999 -46 -54.166724348037 -60.2500153333114 -50.333396177822 -27.2857617710582 -12.000008057746 -9999 -9999 -9999 -9999 -9999 -9999 -9999 -9999 -9999 -9999 -5.57141949750267 -17.3333510221507 -57.4444635160985 -90.7778086887016 -118.555573270779 -140.777794545362 -153.444469504316 -154.555564561429 -162.222273558321 -150.222305719472 -165.444462176994 -176.333371379007 -172.111137657316 -182.999997505659 -187.66665865261 -194.222246203992 -192.777827679573 -196.777796187986 -205.111121150887 -209.888905412857 -211.111122637186 -214.888885151539 -225.888873295305 -237.666680391746 -234.666727459594 -234.888882570007 -244.111116048535 -247.111130520872 -246.333354516308 -244.083344683276 -243.599998607624 -238.333359253335 -9999
-9999 -9999 -9999 -9999 -9999 -9999 -9999 -9999 -9999 -9999 -9999 -24.500024173056 -27.6667084546601 -38.1250069329525 -39.250061840185 -33 -18.999970976915 -9999 -9999 -9999 -9999 -9999 -9999 -9999 -9999 -9999 -9999 -9999 -9999 -9999 11.3332586243605 6.22220476812119 -17.111134928307 -57.2222473425465 -89.0000527785842 -120.222227055847 -128.222326527848 -125.22228292837 -117.333362087142 -125.333341947699 -138.444476501562 -145.777757681775 -155.444467704996 -166.777771502427 -166.111170200611 -166.444464880061 -173.222209714477 -183.11111147642 -188.888902900858 -194.222216668249 -202.222212808798 -211.333337601385 -212.22225488762 -216.555566325455 -220.888889784279 -226.000002825282 -229.000012577771 -230.444461098742 -232.000017914669 -233.88890207499 -232.111143680629 -227.87502020282
-9999 -9999 -9999 -9999 -9999 -9999 -9999 -9999 -13.0000340306597 -10.0000166628233 -18.2499996477061 -15.0000441214914 -9999 -16.4999955408902 -9999 -9999 -9999 -9999 -9999 -9999 -9999 -9999 -9999 -9999 -9999 -9999 -9999 -9999 -9999 -9999 -9999 21.0000598056884 19.2999785417684 -12.4444044181203 -52.5555727660933 -86.3332856750177 -95.6667005577974 -100.777785235601 -92.5555778081324 -102.22222217969 -103.555563657104 -106.444502916855 -117.111106296037 -133.111157962112 -131.333350700694 -141.222214477704 -154.666661973157 -165.999971403099 -171.888904865103 -181.777775856989 -189.111122341461 -190.666685215927 -187.444471364195 -194.555560579959 -199.77778267171 -207.555557615893 -210.666686041661 -213.555573209487 -217.666668813842 -219.444467504736 -218.444464479949 -215.222250437037
-9999 -9999 -9999 -1.00006727770743 -9999 2.33126969007891e-05 1.33331526242216 0.999973128165623 -2.99999979157515 -9999 -9999 -9999 -9999 -9999 -9999 -9999 -9999 -9999 -9999 -9999 -9999 -9999 -9999 -9999 -9999 -9999 -9999 -9999 -9999 -9999 -9999 23.3333015201956 32.9999441963059 22.7500001756563 1.55557547678151 -52.9997922339574 -91.1110260491705 -108.111119385939 -82.0000162891377 -84.6666772971944 -104.777706911013 -116.999900222872 -110.555546698183 -114.777777291112 -120.666657991895 -131.555513737815 -143.111109485791 -154.444432849307 -157.55558505682 -160.777749154785 -172.000002312244 -177.666695663772 -172.333385390406 -175.111103844776 -187.22220547248 -193.555566368805 -195.777795535916 -198.11112711352 -201.888887315829 -205.555568845992 -204.444475353921 -201.11113640548
-1.74989041939774 2.49997164155927 2.666640146694 -9999 -9999 -9999 -9999 -9999 -9999 -9999 -9999 -9999 -9999 -9999 -9999 -9999 -9999 -9999 -9999 -9999 -9999 -9999 -9999 -9999 -9999 -9999 -9999 -9999 -9999 -9999 -9999 -9999 -9999 -9999 36.6667375164184 -2.10450732443708e-05 -50.5555112533947 -89.1111415853593 -74.4444580218926 -59.7778787199154 -72.7778493055323 -95.1112436302439 -113.111149634345 -105.777832069221 -103.555555773333 -121.222229245767 -127.888928699126 -132.888914913582 -137.333369510428 -144.666686267703 -154.888865681257 -164.333355029265 -166.777784618815 -164.222202108833 -177.999993176938 -175.000055986228 -176.000004789772 -178.888929464069 -181.888901553613 -188.555574504586 -190.666699583899 -186.222247499213
-9999 -9999 -9999 -9999 -9999 -9999 -9999 -9999 -9999 -9999 -9999 -9999 -9999 -9999 -9999 -9999 -9999 -9999 -9999 -9999 -9999 -9999 -9999 -9999 -9999 -9999 -9999 -9999 -9999 -9999 -9999 -9999 -9999 -9999 33.0000895715159 23.1667374893215 18.7777292663201 -4.77777803994575 -27.8890163869948 -64.7775911487867 -58.4445011872465 -68.7777455467049 -81.8887831501074 -85.5556554714496 -70.6667097795742 -80.0000349949127 -104.111054421346 -109.000028310353 -111.555551296564 -119.333329665492 -131.555567186056 -144.55555126188 -147.444466896474 -153.000037932719 -153.111126131423 -158.777795988056 -158.000021452122 -155.000029449292 -161.77776540911 -170.333330595698 -170.666737542587 -166.333373613204
-9999 -9999 -9999 -9999 -9999 -9999 -9999 -9999 -9999 -9999 -9999 -9999 -9999 -9999 -9999 -9999 -9999 -9999 -9999 -9999 -9999 -9999 -9999 -9999 -9999 -9999 -9999 -9999 -9999 -9999 -9999 -9999 -9999 -9999 -9999 -9999 46.9998350410735 27.3333067872841 26.2223027023919 -50.3334390814652 -40.1112186416003 -33.5556275875898 -42.4443592367093 -56.6666528824241 -67.6666182432146 -56.555576495123 -70.7777988829168 -82.4444623943941 -94.666710849124 -96.8889080034283 -106.444488400864 -117.000014551224 -123.777811329749 -131.444458656597 -139.333353899103 -141.444456161744 -144.111125496949 -143.222242883575 -141.222256886788 -130.555681626908 -126.88896807529 -116.333416743956
-9999 -9999 -9999 -9999 -9999 -9999 -9999 -9999 -9999 -9999 -9999 -9999 -9999 -9999 -9999 -9999 -9999 -9999 -9999 -9999 -9999 -9999 -9999 -9999 -9999 -9999 -9999 -9999 -9999 -9999 -9999 -9999 -9999 -9999 -9999 -9999 -9999 42.999970786389 17.333527429276 -24.0000404012675 1.55549546587892 -3.66665106429231 -26.3331553538498 -56.9998561457681 -67.3332264729815 -51.1112102175308 -51.6666492474236 -50.7777771608938 -61.4444410549939 -73.7777735623536 -82.444468791316 -88.555566898958 -100.444455249077 -115.444421732176 -119.111123880291 -121.111108825338 -127.111147140196 -124.333378315443 -116.000045225589 -102.333351969104 -100.222216815562 -95.3333559849047
-9999 -9999 -9999 -9999 -9999 -9999 -9999 -9999 -9999 -9999 -9999 -9999 -9999 -9999 -9999 -9999 -9999 -9999 -9999 -9999 -9999 -9999 -9999 -9999 -9999 -9999 -9999 -9999 -9999 -9999 -9999 -9999 -9999 -9999 -9999 -9999 -9999 45.4999817856767 20.2223475539374 8.77764178891679 -6.66642176564869 -39.8887257452671 -53.8887042491461 -80.3332569029307 -80.9999679523029 -73.4445398657437 -82.8887088422565 -47.3333777242089 -57.6666333755822 -56.7777801332553 -62.4444816297427 -72.5555658733673 -78.6667118835667 -92.5555810674342 -99.11112292419 -100.555593357781 -103.222250593859 -100.000053369977 -99.1111409254418 -103.444449199355 -100.222300860227 -80.7779016585682
-9999 -9999 -9999 -9999 -9999 -9999 -9999 -9999 -9999 -9999 -9999 -9999 -9999 -9999 -9999 -9999 -9999 -9999 -9999 -9999 -9999 -9999 -9999 -9999 -9999 -9999 -9999 -9999 -9999 -9999 -9999 -9999 -9999 -9999 -9999 -9999 -9999 56.6250307538037 -1.33313747361379 -16.5554454092172 -33.5554054690228 -29.7777312943406 -31.1110322745612 -83.9999983156132 -80.2222152360791 -71.8889514202752 -107.77772414772 -64.6666051344138 -62.5556183918267 -48.5555890987175 -48.0000378543806 -44.6666673446994 -51.777782141607 -62.9999945939741 -71.7777975441924 -85.5555832055385 -88.2222527057781 -87.2222272466673 -86.0000412269988 -81.3333964125592 -75.6667257646767 -58.6667822289271
-9999 -9999 -9999 -9999 -9999 -9999 -9999 -9999 -9999 -9999 -9999 -9999 -9999 -9999 -9999 -9999 -9999 -9999 -9999 -9999 -9999 -9999 -9999 -9999 -9999 -9999 -9999 -9999 -9999 -9999 -9999 -9999 -9999 -9999 -9999 -9999 -9999 41.666856629364 -2.88876337401601 -13.666658627079 -16.9999690122274 -17.4444693654472 -28.4444383332165 -32.333265090893 -39.1110341005125 -61.3332539224035 -96.8888884720784 -77.6667759788867 -57.6666453100038 -43.6666912565668 -32.5555643173399 -39.2222191193739 -43.3333445549461 -47.3333387398871 -52.7777745357914 -56.8889353052222 -65.3333557421553 -66.8889194681435 -66.4445010218739 -60.7778527651104 -58.888926952244 -42.3334349358238
