tabular/bioclim/current/ascii/bio12.asc
NCOLS 240 
NROWS 94 
XLLCORNER -180 
YLLCORNER -57.499992177 
CELLSIZE 1.5 
NODATA_value -9999 
[rows 0 to 26 of 94, columns 62 to 123 of 240]
75.0000424258629 101.999688777942 108.000108452011 103.666614813459 138.49979513044 151.166427167624 164.16665566239 121.750122321587 139.333107346819 154.666642849167 217.83315117574 214.166572425234 165.833449608053 162.000322929951 157.166696146751 165.999980300874 187.333361390437 156.000474145561 -9999 135.999884768444 152.999921979449 151.333525594301 166.332988603491 142.000559651428 129.249986857468 139.249767581425 138.666519491704 152.832964248981 138.000023503451 144.222313037636 150.222171173653 169.777718514606 169.111066276874 177.777763304966 179.555602571409 205.110855562549 179.000158796001 186.999935790896 181.666780663707 168.999965022819 140.222424096628 130.666693603771 121.833355759004 120.333333333333 -9999 -9999 -9999 -9999 -9999 -9999 -9999 -9999 -9999 -9999 -9999 -9999 -9999 -9999 -9999 -9999 -9999 -9999
100.3333811833 117.333253626672 148.110901578836 141.777725000106 153.555605518969 147.999851243131 173.222153154689 185.555449598574 229.222238693461 195.555723383254 159.11123783395 178.110885871747 157.888701669292 155.250235146136 156.77742738972 148.000207932756 151.500119194723 157.999965796155 194.222005744502 226.777693585266 222.55550374986 219.555578302268 213.333239084427 223.111007065884 229.777659529493 245.555443652322 249.222119002692 247.999991341737 250.999863932592 294.88853469275 365.999639067358 421.888640858502 414.22236261681 364.000195259424 325.333399193173 294.000246299494 259.88911713547 245.999862933911 245.000035836692 227.000111554867 210.000057854958 197.111178466417 163.333540588142 171.444476422321 183.000080240421 191.33306367652 167.285877460737 168.222194537624 182.249860087175 197.999870687153 211.99994735163 -9999 -9999 -9999 -9999 -9999 -9999 -9999 -9999 -9999 -9999 -9999
97.9997635137263 92.8885613527184 109.111086103094 113.444368014547 157.222167886882 178.444381644946 184.000079021181 199.666733327111 184.999902787596 163.33333298302 136.166951630388 160.999381338882 -9999 110.666643954108 130.857064203504 158.333237050915 202.666468651132 239.110969203101 268.999820376714 314.888635148109 360.666440114621 389.555474700842 405.666537779316 431.999819377027 451.999914425259 453.888822949842 462.666535631967 481.666493674968 510.444216718621 551.110889547682 571.444334809711 563.66664916861 551.666672837434 540.111123861856 520.222231461362 483.000157239561 427.000155136038 380.000180969164 327.666810772835 299.00010129727 272.44451051297 243.666743339435 226.333439724246 207.222353161058 203.333278964365 176.571784123083 155.599970507683 169.999947234492 -9999 -9999 -9999 -9999 -9999 -9999 -9999 -9999 -9999 -9999 -9999 -9999 -9999 -9999
101.777624413541 121.333224967963 117.111036254904 147.555322310757 258.888681903045 201.222768043145 178.888799708012 154.624927550271 108.0004780175 103.999915629538 140.428246230528 149.555441158391 190.110816552522 214.55553209534 245.110927237644 281.222066693462 303.555428215281 340.221962335944 400.444128398097 469.221894737101 515.110938641351 529.777682841764 543.444323458202 556.444374324579 562.888806521939 579.666506235817 605.999807764355 631.999844923277 657.666505062191 677.110983901572 687.999935903841 687.777758446173 683.333289698624 677.111134318874 658.666711343868 638.0000775247 609.333493181326 568.111383156953 500.778007101981 454.333561301158 404.666938816724 360.000123810742 289.22289171533 179.000286432573 159.888940120088 154.166758950153 166.999314596452 -9999 -9999 -9999 -9999 -9999 -9999 -9999 -9999 -9999 -9999 -9999 -9999 -9999 -9999 -9999
141.66663479213 139.777807383214 149.222010647047 144.444543891258 175.555462254968 141.000043506828 118.000830713001 -9999 -9999 106.000986544655 125.000014022475 146.571398855271 166.888883073975 193.666555381789 222.666684459979 254.222255366876 278.333366695562 277.000065244541 306.666590011946 355.444347006969 398.444388190106 448.777696542365 491.222080411037 518.888848392721 552.99984802699 602.888658738898 649.444277694585 685.333137030105 720.444266889772 747.888750239937 766.333215363096 773.555491615428 777.88878541722 777.999948133332 766.888890487711 752.333350690597 743.111031820699 718.111304675048 644.77794807334 613.000008161248 592.666878996679 416.890111410297 245.556114512176 195.44441238764 193.77775268354 158.142661057394 -9999 -9999 -9999 -9999 -9999 -9999 -9999 -9999 -9999 -9999 -9999 -9999 -9999 -9999 -9999 -9999
158.000012581082 170.999858023934 214.666537154176 253.111183872413 191.666855392814 140.249739908714 -9999 -9999 -9999 -9999 -9999 -9999 -9999 165.999964562189 -9999 -9999 -9999 -9999 176.333270124045 229.124712645589 291.444226750592 363.999765651713 435.999636243557 510.555306334814 542.777639781464 600.33294502955 681.777340433135 760.888470605667 837.666250417496 890.444184731773 919.333181707266 926.999888722484 928.555457959583 926.111033046359 920.222191833709 905.444501724915 891.888969403706 857.778113441873 757.556068008418 691.222554200153 644.888968769989 594.889267995674 481.667357506687 339.33396218825 245.778544398574 205.400206601909 205.999999999297 -9999 -9999 -9999 -9999 -9999 -9999 -9999 -9999 -9999 -9999 -9999 -9999 -9999 -9999 -9999
147.777719644749 166.999849370561 218.499792007513 206.166450963229 179.500155910123 280.749170183591 210.333765155464 -9999 -9999 -9999 -9999 -9999 -9999 -9999 -9999 -9999 -9999 -9999 -9999 227.999423842218 222.249675319913 351.554647279937 478.666217188013 561.777483053676 609.888726198488 661.999713003021 759.99945068338 860.110650219619 934.555148164216 993.999625864466 1051.11077299508 1095.77748445246 1125.9997982109 1127.11099336622 1103.66666867324 1068.44444158336 1036.55559459886 974.3337084667 832.111407669421 706.890180807412 579.556008672206 451.668179038409 421.111764278794 339.666223042299 294.500383933203 245.001131274413 -9999 -9999 -9999 -9999 -9999 -9999 -9999 -9999 -9999 -9999 -9999 -9999 -9999 -9999 -9999 -9999
143.87501188132 185.11083931679 216.999868706021 220.777717316035 194.111172520139 217.444011507203 222.444802622089 243.856830310083 201.250394763407 172 -9999 -9999 -9999 -9999 -9999 -9999 -9999 -9999 -9999 -9999 242.24976658353 285.99996155223 358.55519468996 497.999336002116 595.666117116411 687.999546731636 779.221843115151 876.555109232169 967.888458637313 1058.22174913555 1148.99962217879 1221.22181277054 1282.44414586936 1307.99989668484 1300.33332410145 1243.55583484968 1172.44489180151 1061.33410158657 838.778818575209 760.445526843789 697.333901921752 556.112687055421 420.223304458733 346.0009224365 -9999 -9999 -9999 -9999 -9999 -9999 -9999 -9999 -9999 -9999 -9999 -9999 -9999 -9999 -9999 -9999 -9999 -9999
165.333237311328 179.333300624563 212.777618494784 227.222189644 202.000078021105 189.444404226642 209.444314106957 224.333354846587 250.444244205122 252.222235398929 251.125330725534 255.000102804748 228.666565805184 -9999 -9999 -9999 -9999 -9999 -9999 -9999 -9999 331.332091622749 357.110630584498 340.777848103716 404.222058972635 524.999368161172 732.55478858844 875.332761799799 1000.77716686865 1118.99942322457 1230.22170996825 1321.33280957091 1390.22189338061 1428.66640063456 1443.55546892001 1417.222254956 1360.33376570449 1132.00172325589 847.223711076067 822.778042319026 822.221861453858 558.126303177715 486.375254900792 445.666484821434 -9999 -9999 -9999 -9999 -9999 -9999 -9999 -9999 731.498820391657 -9999 -9999 -9999 -9999 -9999 -9999 -9999 -9999 -9999
152.5 191.777525271379 228.444362616443 240.333324093822 197.666895303378 172.000025737122 177.799932128415 198.444409085383 215.444315080232 246.999958208651 244.444537040632 295.888620818877 262.111544290933 222.000149913461 -9999 -9999 -9999 -9999 -9999 -9999 -9999 384.998700969003 366.286090133392 270.166569324712 303.99945907993 506.221033695537 698.999174603375 914.998980073922 1071.22137227902 1213.99924959859 1346.33258799913 1459.55493004212 1546.77738161516 1589.44413506424 1520.7785658922 1328.00129404916 1340.22238574111 1281.11233851239 1265.44571172716 1161.11186092899 978.333666015009 809.501718008647 632.000339516207 -9999 -9999 -9999 -9999 -9999 -9999 -9999 -9999 -9999 -9999 -9999 -9999 -9999 -9999 -9999 -9999 -9999 -9999 -9999
183.124830388729 219.333167209732 251.444379140296 243.142963198805 -9999 187.499961569919 212.499923814628 217.777745295169 209.800007728845 218.428483398528 245.222069102227 281.777585368185 313.888801124259 355.777686093377 358.14311035248 282.499933992515 -9999 -9999 -9999 -9999 -9999 -9999 351.888548149545 288.111568019291 303.332575040665 482.554750429142 704.887567727911 994.332093782699 1183.88803148793 1347.33248289465 1480.11068974182 1545.66641135351 1617.8885332866 1689.88883822172 1525.33463761051 1087.78008149832 814.003237184525 871.332084824831 858.331532691944 834.498501950653 -9999 -9999 -9999 -9999 -9999 -9999 -9999 -9999 -9999 -9999 -9999 -9999 -9999 -9999 -9999 -9999 -9999 -9999 -9999 -9999 -9999 -9999
201.555591697629 215.444386206882 234.125021395766 230.500081280531 -9999 -9999 -9999 -9999 263.00005637671 264.555511529219 273.555433091805 295.222090918333 314.666641954973 318.285819282102 406.222539457123 449.999237576069 506.4994346364 507.001151924418 -9999 -9999 -9999 -9999 458.499817734396 524.666710373938 453.332738427051 667.331847855172 949.776549578356 1177.9986595406 1356.99937259023 1419.55540625807 1309.44521847075 1294.11170792229 1155.0009811547 1151.44513694632 1070.00218201923 911.500493791872 -9999 -9999 -9999 -9999 -9999 -9999 1111.20187979368 843.801403146082 815.332306931273 778.400076488268 839.996957293334 978.831619298905 1095.331965011 -9999 -9999 -9999 -9999 -9999 -9999 -9999 -9999 -9999 -9999 -9999 -9999 -9999
236.799849682928 256.333269184303 282.857164739657 269.333669667752 -9999 273 321.99962981043 319.555634140626 304.333302493358 318.111032429844 333.110978477026 377.110780166624 435.110822523837 421.625042409178 412.166481277349 422.999595821744 424.500385233544 -9999 -9999 -9999 -9999 -9999 472.000876010161 604.1105821799 650.99946300988 878.442675760197 1168.55402175578 1459.77660895406 1634.11019667083 1600.44485682194 1247.44659304578 1006.83458113395 -9999 -9999 -9999 -9999 -9999 -9999 -9999 -9999 -9999 1175.0021444178 1039.33392606961 908.37431798954 1107.8887892496 1258.44377845389 1407.33263173999 1385.22210682257 1392.28522215576 -9999 -9999 -9999 -9999 -9999 -9999 -9999 -9999 -9999 -9999 -9999 -9999 -9999
251.000009908503 266.999982664393 275.199997496475 277.099938519781 270.500120277164 276.000117184803 309.499833274589 -9999 338.999966909064 316.666663746847 358.285529139586 405.666661504609 439.777755527433 428.000060243868 427.666712553957 442.332554354825 -9999 -9999 -9999 -9999 -9999 -9999 -9999 718.999419877815 884.998661194094 1213.10923450229 1440.66557213421 1672.44324786678 1830.88873777666 1625.66930883248 1305.28493072553 -9999 -9999 -9999 -9999 -9999 -9999 -9999 -9999 -9999 -9999 -9999 1117.99944211411 1015.33538639144 1320.66366020881 1551.49919045998 1426.00118539148 1329.00199836396 -9999 -9999 -9999 -9999 -9999 -9999 -9999 -9999 -9999 -9999 -9999 -9999 -9999 -9999
-9999 -9999 293.666636653274 -9999 295.749862277848 291.000015762766 344.999736211192 384.888914269107 404.777756160306 407.750155470027 367.500460218146 -9999 369.333843440161 395.750411229759 340.799969335581 380.000108660307 -9999 -9999 -9999 -9999 -9999 -9999 -9999 -9999 845.499537156325 1095.74863972263 1303.11006233357 1447.66729942796 1947.10984421446 1730.55774162376 -9999 -9999 -9999 -9999 -9999 -9999 -9999 -9999 -9999 -9999 -9999 -9999 -9999 -9999 -9999 -9999 -9999 -9999 -9999 -9999 -9999 -9999 -9999 1427.20126943334 -9999 -9999 -9999 -9999 -9999 -9999 -9999 2300.2495700748
-9999 -9999 -9999 -9999 356.499969176225 326.500143276711 352.333207032001 393.222112222986 420.99994389217 428.888878440675 412.888992194716 371.857184842616 382.000436203909 -9999 397.499634765852 429.333991674963 -9999 -9999 -9999 -9999 -9999 -9999 -9999 -9999 -9999 1065.00180919969 958.667288880568 1014.39738759929 1656.75024775311 1969.25012899247 -9999 -9999 -9999 -9999 -9999 -9999 -9999 -9999 -9999 -9999 -9999 -9999 -9999 -9999 -9999 -9999 -9999 -9999 -9999 -9999 -9999 -9999 -9999 -9999 -9999 -9999 1157.99977681472 1204.49879331826 -9999 -9999 -9999 2179.42523002636
-9999 -9999 -9999 -9999 351.000312133457 368.499870257034 398.999720895641 440.444298241509 464.222098679942 471.111077463717 476.777673723619 466.555508321446 485.800020274566 469.749834289569 498.555204120939 595.375452070449 589.500372477523 -9999 -9999 -9999 -9999 -9999 -9999 -9999 -9999 -9999 -9999 -9999 -9999 -9999 -9999 -9999 -9999 -9999 -9999 -9999 -9999 -9999 -9999 -9999 -9999 -9999 -9999 -9999 -9999 -9999 -9999 -9999 -9999 -9999 -9999 -9999 -9999 1178.50049088879 1141.00030842441 896.999928311878 997.499047480372 -9999 -9999 -9999 -9999 1510.33050227611
-9999 -9999 -9999 -9999 436.50004193013 456.999913341648 472.999454470047 521.444288601703 543.666547288064 561.555453864712 568.222244167562 575.222298206252 576.666523142413 555.555571111956 577.555130379544 665.888437507745 735.333074794071 771.250577817252 -9999 -9999 -9999 -9999 -9999 -9999 -9999 -9999 -9999 -9999 -9999 -9999 -9999 -9999 -9999 -9999 -9999 -9999 -9999 -9999 -9999 -9999 -9999 -9999 -9999 -9999 -9999 -9999 -9999 -9999 -9999 -9999 -9999 -9999 -9999 1366.33029232368 1647.33408523221 991.447319092677 785.285986800565 -9999 -9999 -9999 -9999 -9999
506.399974793542 500.333354845945 493.666686954096 -9999 487.99988437657 511.999804229361 597.856776287618 616.77759175701 635.221973174019 652.110952355972 667.555331384972 694.999862168659 690.555548406396 685.222221254289 656.22201042147 705.777248130012 828.665961621179 831.875026676017 831.999879389098 -9999 -9999 -9999 -9999 -9999 -9999 -9999 -9999 -9999 -9999 -9999 -9999 -9999 -9999 -9999 -9999 -9999 -9999 -9999 -9999 -9999 -9999 -9999 -9999 -9999 -9999 -9999 -9999 -9999 -9999 -9999 -9999 -9999 1233.50234464534 1283.66566158755 1651.50087363759 1189.77980400925 796.145999770932 -9999 -9999 -9999 -9999 -9999
565.999937120039 561.333222429387 537.666711534206 519.333440584232 530 585.332983483667 668.999778741989 693.555421035583 716.888656608701 733.888733637908 760.888642056912 800.333065928134 828.444295980872 808.555447572723 785.555344535051 850.555027993919 920.110468293981 931.333238205745 938.666702822323 944.375135439208 966.00026988558 -9999 -9999 -9999 -9999 -9999 -9999 -9999 -9999 -9999 -9999 -9999 -9999 -9999 -9999 -9999 -9999 -9999 -9999 -9999 -9999 -9999 -9999 -9999 -9999 -9999 -9999 -9999 -9999 -9999 -9999 1222.00095393179 1246.11169996702 978.445578052117 1057.0013711169 1043.20120786547 1037.78038056958 692.857066844524 -9999 -9999 -9999 -9999
645.999896936258 637.333254789963 603.222260944563 570.375043543342 583.499732497454 637.166377986743 714.3329949482 759.222011497599 791.110983048825 818.110820671838 859.221817965886 908.777541923029 965.88862113486 895.111328379139 856.444117238096 928.666482445591 983.999583674364 1046.66624094412 1110.11064477745 1110.33320425417 1041.11138395505 -9999 -9999 -9999 -9999 -9999 -9999 -9999 -9999 -9999 -9999 -9999 -9999 -9999 -9999 -9999 -9999 -9999 -9999 -9999 -9999 -9999 -9999 -9999 -9999 -9999 -9999 -9999 -9999 -9999 -9999 1263.28578544164 1032.77788667899 941.111680769757 904.500019537476 1131.22123628805 770.002039731319 619.556383677931 595.428525037817 600.000303182599 -9999 790.749822323535
731.888762434467 723.222181367926 705.44430066652 693.333139453466 722.285453032117 733.666234345368 800.11075583621 839.777626133146 861.777642935044 903.99963584847 920.555686979623 947.778135682127 1028.11074489846 1035.33346976056 972.333429639361 1016.44435743551 1050.44419528557 1119.22209374525 1144.55556154638 1134.28568202232 1113.12564127404 1059.00074169069 -9999 -9999 -9999 -9999 -9999 -9999 -9999 -9999 -9999 -9999 -9999 -9999 -9999 -9999 -9999 -9999 -9999 -9999 -9999 -9999 -9999 -9999 -9999 -9999 -9999 -9999 -9999 -9999 -9999 1404.75065863962 1130.66772976865 -9999 944.99956874154 1113.99952789423 791.112127668577 725.777285742383 635.000323972193 656.749872873117 755.124301912044 802.666359227831
805.777803687685 776.000101219817 796.777620397848 818.110875788656 836.555437202496 851.777515317324 886.33321442422 923.444110926832 950.666528747999 928.000240424176 1005.6662681096 983.555672716119 1010.88866604208 1044.33302617045 999.50075926816 1009.42860612808 1033.99980605039 1058.66691434082 1100.99959821462 1147.33234425605 1048.33347796399 1023.60011676103 1008.99966721002 -9999 -9999 -9999 -9999 -9999 -9999 -9999 -9999 -9999 -9999 -9999 -9999 -9999 -9999 -9999 -9999 -9999 -9999 -9999 -9999 -9999 -9999 -9999 -9999 -9999 -9999 -9999 -9999 -9999 -9999 1094.99989126146 1071.9991714906 979.501178830954 860.000496514453 767.501245038453 700.167170143496 659.44471737607 723.665403871088 922.555503818202
833.333179847023 869.555358945088 794.666841272237 804.777574303363 822.2222325485 894.110804469963 943.888611435763 1010.66630601232 1018.22194801215 960.3332711137 1082.44338055906 1007.8896041875 999.374745396484 1067.77731990216 1111.55549310738 1073.00071294198 -9999 -9999 1368.49936820301 1385.88928165223 1345.1103282838 1271.8890935542 1236.33309896832 -9999 -9999 -9999 -9999 -9999 -9999 -9999 -9999 -9999 -9999 -9999 -9999 -9999 -9999 -9999 -9999 -9999 -9999 -9999 -9999 -9999 -9999 -9999 -9999 -9999 -9999 -9999 -9999 -9999 -9999 -9999 1118.99956129086 984.668026048122 787.000679937541 743.777937710667 675.889517296736 651.444188982844 678.888191065705 778.554534517412
822.777904448301 887.999881961377 906.333639357635 851.888958260067 871.222035086858 920.777588212771 928.444593141348 978.555190330972 1079.11113019008 1054.11081713687 1120.44493448999 1001.33328852963 988.666739204189 1098.77734779488 1115.88872773552 1105.00009673743 1073.99958295777 1385.59973661659 1475.99939794837 -9999 1387.33324309541 1397.00009959535 1424.91647084695 -9999 -9999 -9999 -9999 -9999 -9999 -9999 -9999 -9999 -9999 -9999 -9999 -9999 -9999 -9999 -9999 -9999 -9999 -9999 -9999 -9999 -9999 -9999 -9999 -9999 -9999 -9999 -9999 -9999 -9999 -9999 -9999 949.999958969402 843.20057369006 760.555570906088 760.777064996721 757.444435815153 767.66613469557 896.77524364194
794.555470363444 782.555634307592 766.888806957763 849.221887609837 963.555340414898 944.111599280651 860.555790798839 889.999673610913 954.555625448837 1008.33266880495 1083.66667022352 1053.55520368797 1096.99945664171 1171.74946918984 1250.22186207748 1263.77753394203 1346.49887671967 1456.99977761641 1500.99992474355 -9999 -9999 -9999 -9999 -9999 -9999 -9999 -9999 -9999 -9999 -9999 -9999 -9999 -9999 -9999 -9999 -9999 -9999 -9999 -9999 -9999 -9999 -9999 -9999 -9999 -9999 -9999 -9999 -9999 -9999 -9999 -9999 -9999 -9999 -9999 -9999 -9999 -9999 923.888777969651 907.333153577731 862.11190809253 769.666306350508 913.222383983371
848.777487408821 791.778122836579 764.333170642362 908.332885035992 912.889390739388 809.555520144528 880.666128815275 1086.44312277091 1119.77871820476 1054.00008120343 1171.22080627313 1149.16647706513 1228.87457129113 1235.99986497539 1313.71393271101 1382.49943463803 -9999 -9999 1434.99962371773 -9999 -9999 -9999 -9999 -9999 -9999 -9999 -9999 -9999 -9999 -9999 -9999 -9999 -9999 -9999 -9999 -9999 -9999 -9999 -9999 -9999 -9999 -9999 -9999 -9999 -9999 -9999 -9999 -9999 -9999 -9999 -9999 995 1081.75166118572 956.999270531674 883.00021795441 1002.99860149831 1259.6660002567 1055.66909804255 779.667677840728 768.221950356816 733.222370070382 724.666728423517
