tabular/bioclim/current/ascii/bio12.asc
NCOLS 240 
NROWS 94 
XLLCORNER -180 
YLLCORNER -57.499992177 
CELLSIZE 1.5 
NODATA_value -9999 
[rows 0 to 26 of 94, columns 0 to 61 of 240]
-9999 -9999 -9999 -9999 -9999 -9999 -9999 -9999 -9999 -9999 -9999 -9999 -9999 -9999 -9999 -9999 -9999 -9999 -9999 -9999 -9999 -9999 -9999 -9999 -9999 -9999 -9999 -9999 -9999 -9999 -9999 -9999 -9999 -9999 -9999 -9999 -9999 -9999 -9999 -9999 -9999 -9999 -9999 -9999 -9999 -9999 -9999 -9999 -9999 -9999 -9999 -9999 -9999 -9999 -9999 -9999 -9999 -9999 -9999 -9999 -9999 -9999
-9999 -9999 -9999 -9999 -9999 -9999 -9999 -9999 -9999 -9999 -9999 -9999 -9999 -9999 -9999 -9999 -9999 -9999 -9999 -9999 -9999 -9999 -9999 -9999 -9999 -9999 -9999 -9999 -9999 -9999 -9999 -9999 -9999 -9999 -9999 -9999 -9999 -9999 -9999 -9999 -9999 -9999 -9999 -9999 -9999 -9999 -9999 -9999 -9999 -9999 -9999 -9999 -9999 -9999 -9999 -9999 94.9997868258911 92.3333507390678 93.7143098643897 80.3333603744269 89.4998235344399 101.111077472489
-9999 -9999 -9999 -9999 -9999 -9999 -9999 -9999 -9999 -9999 -9999 -9999 -9999 -9999 -9999 -9999 -9999 -9999 -9999 -9999 -9999 -9999 -9999 -9999 -9999 -9999 -9999 -9999 -9999 -9999 -9999 -9999 -9999 -9999 -9999 -9999 -9999 -9999 -9999 -9999 -9999 -9999 -9999 -9999 -9999 -9999 -9999 -9999 -9999 79.9999649142206 94.3333016765989 103 -9999 92.3333250409712 95.000215990255 91.4999135961792 104.249980452366 111.000149486893 136.889075109069 142.111136291995 142.499866277469 109.125047934594
-9999 -9999 -9999 -9999 -9999 -9999 -9999 -9999 -9999 -9999 -9999 -9999 -9999 -9999 -9999 -9999 -9999 -9999 -9999 -9999 -9999 -9999 -9999 -9999 -9999 -9999 -9999 -9999 -9999 -9999 -9999 -9999 -9999 -9999 -9999 -9999 -9999 -9999 -9999 -9999 -9999 -9999 77 72.5 70.0000026663102 68.1428506609303 64.6250153817981 65 -9999 71 95.9999464651354 104.00002368113 102.222248107369 100.285721158712 99.0000073534777 101.124993027903 104.500014107227 103.166664228418 111.666798964712 123.000296319152 129.833319214099 102.750028137592
-9999 -9999 -9999 -9999 -9999 -9999 -9999 -9999 -9999 -9999 -9999 -9999 -9999 -9999 -9999 -9999 -9999 -9999 -9999 -9999 -9999 -9999 -9999 -9999 -9999 -9999 -9999 -9999 -9999 -9999 -9999 -9999 -9999 -9999 -9999 -9999 -9999 -9999 82.6666580613412 87.8333121722571 93.4999965480393 87.6250232633874 83.6250167996315 79.8333629298857 74.2000167723153 68.3333262666323 67.3333420949833 64.6000180865563 -9999 69.0000079792729 76.7999693341751 90.9999569476112 99.3999869356838 104.599994977775 109.499977665431 113.49989548584 118.222253400732 115.125088809375 118.250021004295 112.49999194234 113.285764854459 122.428392898158
-9999 -9999 -9999 -9999 -9999 -9999 -9999 -9999 -9999 -9999 -9999 -9999 -9999 -9999 -9999 -9999 -9999 -9999 -9999 -9999 -9999 -9999 -9999 -9999 -9999 -9999 -9999 -9999 -9999 -9999 -9999 -9999 -9999 -9999 -9999 -9999 -9999 -9999 85 94.4999879657425 102.99990096202 103.666659417259 107.666636874216 101.500021532615 92.4444508938815 80.1111677315799 71.8571515740837 65.8889067598129 63.6249800221853 58.6000296020367 69.2499561720594 85.9999332708757 100.333281024288 104.999983767329 111.857135827698 115.99996958177 127.874906946493 131.00003683272 123.600009011677 128.444423418244 128.000005162862 140.499857244967
-9999 -9999 -9999 -9999 -9999 -9999 -9999 -9999 -9999 -9999 -9999 -9999 -9999 -9999 -9999 -9999 -9999 -9999 -9999 -9999 -9999 -9999 -9999 -9999 -9999 -9999 -9999 -9999 -9999 -9999 -9999 -9999 -9999 -9999 -9999 -9999 99.3333127590854 104.999974410254 113.555531747697 118.888884134095 121.999962528141 125.555561674645 114.500032843316 104.000045607501 93.6666734204511 83.000021200103 -9999 72 70.0000105867236 71.1666830949237 73.4999908471542 -9999 92.4999628413074 103.999950860994 112.571422693023 118.000043260415 138.799864585575 146.142833673898 149.333283357807 138.250136039859 138.999872406891 144.499867939205
-9999 -9999 -9999 -9999 -9999 -9999 -9999 -9999 -9999 -9999 -9999 -9999 -9999 -9999 -9999 -9999 -9999 -9999 -9999 -9999 -9999 -9999 -9999 -9999 -9999 -9999 -9999 -9999 -9999 -9999 -9999 -9999 -9999 -9999 -9999 -9999 117.999961131222 126.888844950021 133.444425547583 136.166662837673 134.333386268274 136.777787130699 135.444452406039 124.44446149812 110.888897815581 101.444442297388 97.7499976431788 85.2857350501833 84.5555508355532 87.1110928575835 89.0000299611832 87.9999459437226 91.9999867792396 102.249962909694 110.888862725547 120.428473374443 135.428400185498 134.857204300742 140.99993053269 -9999 146.624883350338 149.333350569765
164.833306904631 176.666630394035 -9999 -9999 -9999 -9999 -9999 -9999 -9999 -9999 -9999 150.000005554271 147.666664606576 141.999986466211 140.333310959575 133.499976384315 138.285680792207 136.833316227026 130.599998028442 144.999939398153 150.333320112389 150.666662442019 142.5 -9999 -9999 -9999 -9999 -9999 -9999 -9999 -9999 -9999 -9999 112 120.999977469935 127.999999999592 155.99996542271 150.999828756593 146.666693029641 144.999990808073 -9999 153.399975984056 157.375000185878 145.000059315214 121.111163803004 111.000012985929 105.000011864796 99.8888781800405 103.66661194963 106.888859943909 105.125015362056 103.500013396479 99.9999907493695 100.999987522449 106.999961628596 129.499807057807 145.888821298866 158.555547602205 151.70003114258 157.999888288756 143.599981303315 149.222208775641
309.666620876051 -9999 -9999 -9999 -9999 -9999 -9999 -9999 -9999 219.999977952107 204.333332968003 181.374982505689 180.77773487299 182.888839569211 184.222183263688 189.999937416093 194.444381956189 189.333287551274 174.888830007771 185.666588054499 193.888840142875 182.555546810822 160.222223456245 147.5555436993 145.777762253497 151.3333041363 170.166612870743 196.833270436711 228.333284804674 197.999994784521 183.714230629367 169.571401179396 153.444416055514 144.333286395496 146.777717966713 163.749935881021 176.624959105383 185.857092722944 187.444403626031 194.571359170797 197.500023116238 183.249979503404 179.24996655694 170.000064529915 132.625082111139 124.000001955716 117.333333550593 112.999986092604 119.999995558247 131.666629463989 124.777810694719 111.333358149379 104.571427409116 113.333309890645 117.624971162727 129.428530458796 138.62495907645 147.33327541789 162.666616869236 173.714306645859 178.249971583051 173.999997574449
351.999945682308 360.444403990839 360.166617564289 358.499944926008 -9999 -9999 -9999 -9999 -9999 235.666638738481 232.71424781753 222.666642780383 228.555504245524 234.333293340438 240.777750944978 262.5555015769 296.999895824006 302.888805886725 285.222150658955 276.666601031645 265.222187835632 235.33335184719 185.888918320191 160.000005362841 164.99996969039 183.999940519513 214.333247141847 241.999941736128 261.111048536106 265.444355514563 273.666577006547 251.111119020271 222.111089354066 210.888834753743 210.777717027918 217.222151528611 221.444390926547 222.44440023601 219.888881404621 219.777754665163 224.111127469861 219.444394821017 229.777734838053 226.222242839608 172.222234442678 153.555511990394 148.888895025055 139.66664564001 146.777735446903 152.555536832483 147.250019987333 138.333334389304 129.142836914694 131.12497110383 136.666583039616 146.666630550599 163.714179009554 179.111010933838 197.999896719818 205.777826157324 209.444412274279 182.714451671198
377.62496791594 418.999950489147 437.111023606553 439.249904784305 388.777688334605 330.624909888751 326.999984881933 -9999 389.999912695571 350.83326969321 327.166584707514 302.599897190347 290.666596363975 281.777742113599 290.444376002013 313.999921196621 357.77768749218 401.888830346669 344.777783696941 331.333323145824 296.888910419131 271.555564160574 229.333361243357 194.111114717937 196.111090023733 221.333261527393 253.111037462397 292.444355958247 313.777739384173 324.111073647795 329.111137595965 305.222232669861 287.111082504757 282.999936981467 285.444372333851 281.33328126686 276.777751883347 263.666656087958 252.333337965738 238.777771901828 233.888897050467 237.22223139256 257.999956191743 257.111145645111 237.111107738473 224.999970455119 215.666677018663 201.333301319776 187.333339547689 189.444413769829 182.888877875677 170.77776692115 165.666634096914 169.333283231698 177.333266629621 188.888809381557 205.999884533309 224.444379939901 227.333326336033 237.222187792018 235.555591809903 223.000068606858
386.499968629776 433.333330021632 498.666643041298 541.999888704909 560.555449910107 434.749983708149 -9999 -9999 408.500026558736 402.428564622466 394.714199270244 408.874915179262 364.875006609928 344.999983476027 344.888856075581 360.888837587485 389.666649543158 389.444513486315 347.11112401902 384.222121470982 330.444446720881 316.111049431301 293.333314296902 250.222206384227 209.444463280407 233.666642137643 271.555541700408 331.555472554055 337.444489930241 317.000023677582 327.999974271373 332.222198005698 344.222155022866 370.666558431375 385.888790919005 364.777749475426 337.333324901497 312.555547497536 288.777765243436 277.222202447293 275.222173059006 257.333330907836 260.999988760987 267.888877389419 265.444458516621 260.888848592075 257.888907602695 244.000007900919 231.555534789792 226.222172920134 214.888950063783 202.333349161381 199.222183072694 202.444426833824 215.333246968004 227.55549690958 238.555530104528 241.77771816716 247.888855085162 247.666691360628 252.333341720907 229.125129595676
-9999 -9999 -9999 -9999 -9999 441.000016532338 420.749962782129 436.999991981039 -9999 -9999 487.999978908984 435.200004020902 393.857119622795 389.999936512157 409.444352124525 440.555447103109 423.6666695085 384.00001187323 404.222008664156 529.888537030115 486.666740122183 338.22230086773 267.111216686055 280.777680678545 280.666594790171 259.888749952666 285.999915303074 289.22227331508 285.00009086845 291.222224352225 337.444392613163 339.333357923397 364.777667040079 445.222012689329 499.666510693832 471.444513980364 413.444467486219 359.111106720972 331.888889471007 311.222213964373 296.666675697354 278.111125009644 267.22223093161 270.444422096904 277.888875363925 288.888849791704 276.777821229186 267.222222239723 268.999951862877 266.222187688066 257.3333260224 249.444426537969 243.222167348533 249.888824714491 255.222180351878 271.44434089486 277.444389962057 273.888854363615 266.444437533706 260.571387199252 242.666685545894 250
-9999 -9999 -9999 -9999 -9999 -9999 -9999 -9999 -9999 630.399948352069 554.666633314019 448.888925656313 408.777745269025 455.333223255327 489.3332469067 515.999928941385 506.333308724936 489.666470153672 545.110875952709 578.444649101156 545.110998496012 549.443985564989 491.44377804696 516.888182620654 666.999436867135 608.443928254308 488.555460034007 297.666763129644 248.333271131898 263.222187549243 300.222259807211 318.222240145419 388.999754481741 501.666476603915 568.333311889723 520.333474805868 464.444527671036 410.888979156468 375.333359757011 351.555539257371 328.222245212827 292.666662085498 300.999959433245 294.555540491758 293.333271740443 304.111009074192 306.777746398522 309.555448433426 313.99990585494 316.777727241137 313.888830364135 300.333293905281 283.555534016119 292.333253556458 305.888803914507 317.333239388231 317.666618450969 309.750005103962 297.333383555478 -9999 -9999 -9999
-9999 -9999 -9999 -9999 628.999932800681 606.999967221909 -9999 -9999 675.333310047119 704.749970429105 665.12486410462 569.87487785299 535.777516480928 566.222062459419 552.777728736041 558.111045485432 592.555452205187 646.777409115435 735.285440536838 657.888312049763 1102.44371798494 1337.49933568915 1556.3315867656 1781.99876365104 1640.83150836214 1669.37429322622 1648.77563508853 1037.11014814685 610.444341424518 448.666516660049 299.99996383867 360.888644908016 485.666356582675 540.000023146383 484.111156137703 485.666716638607 475.666715090397 448.777824758694 420.888898215101 393.111105208768 372.999949211263 366.999813292141 356.222127946694 353.22214205387 339.999954887299 342.555507157295 347.44437915739 350.222153528145 364.222170677298 380.99989410306 386.555444825867 371.666655200778 348.444396862901 349.777679199654 368.222118933134 372.222182898173 365.777784061247 338.000107329428 -9999 -9999 -9999 -9999
-9999 -9999 -9999 -9999 -9999 -9999 -9999 -9999 -9999 -9999 -9999 -9999 794.999836328623 643.99995991984 580.571477229948 545.333292167322 772.555159036257 1021.12477301606 1270.99972523989 965.332731539516 -9999 -9999 1437.99985214688 -9999 -9999 -9999 -9999 2546.66547665797 1761.99946595159 1364.33342178529 1029.66550256172 732.333051365693 491.000403375027 526.11117523434 482.333402227155 473.666610688984 483.777740210496 466.111207775684 441.777828948181 414.222254817543 405.777766495178 404.222152667488 408.66660284028 413.555662129401 382.6666570962 382.555501325022 381.444394724982 380.777708213938 397.888794100906 419.777680243438 466.555359347077 454.000064242378 419.444386067764 424.110964273854 437.110994905438 434.999960084856 418.555552416632 422.000003598017 -9999 -9999 -9999 -9999
-9999 -9999 -9999 -9999 -9999 -9999 604.000030509374 -9999 -9999 -9999 -9999 -9999 -9999 566.000162325513 524.499967756371 610.374790775041 861.333160159409 1265.42811125048 1580.99989480102 -9999 -9999 -9999 -9999 -9999 -9999 -9999 -9999 -9999 -9999 2273.14172115343 2352.77639315413 1575.33357263029 926.554423211577 617.555127550891 514.888911565195 474.555592844645 475.222190287959 516.222126321425 500.000054959404 450.000012507586 452.333301327795 425.888953810352 438.888742304884 441.999914754603 456.444459254763 438.888924108631 438.111108181108 433.88888462095 447.888765243149 474.777635730403 509.777701921546 495.333435195976 469.777745433699 478.222113152828 503.666618563874 484.666700939383 468.777768572766 456.33330836045 456.499967468886 464.799953562616 459.999958981006 -9999
-9999 -9999 -9999 -9999 -9999 -9999 -9999 -9999 -9999 -9999 -9999 944.499998611476 846.833377467673 700.499935654971 579.749962702013 682 854.99994195383 -9999 -9999 -9999 -9999 -9999 -9999 -9999 -9999 -9999 -9999 -9999 -9999 -9999 3539.50126855061 2655.77771117797 2416.33335221056 1301.88906146468 677.222588324056 514.00001846159 503.444397819699 573.888590339762 620.222149788018 518.555467016317 464.000023633057 453.222154987553 479.999748039861 496.555528921615 475.888950220659 473.333311872179 461.555564560335 444.111110580838 456.111043581806 489.777680973816 509.555513399069 511.666709379759 496.000072805258 486.666636722196 502.000049623804 493.555578424853 491.888834849751 497.555460619653 508.222144991964 517.888753551821 510.222193320184 501.749929172254
-9999 -9999 -9999 -9999 -9999 -9999 -9999 -9999 943.999946335346 938.499966908593 955.499963525004 943.250093542895 -9999 720.999963897099 -9999 -9999 -9999 -9999 -9999 -9999 -9999 -9999 -9999 -9999 -9999 -9999 -9999 -9999 -9999 -9999 -9999 2010.25164836873 2281.09917311206 2092.44455727879 1296.00062900067 603.889356920442 483.555489748151 545.777641538252 768.999556223804 778.333287975887 606.000016582857 570.333273816815 571.444470989403 517.222346893523 468.44460577053 450.33344209817 445.444484324598 448.333324562912 443.777833598713 473.888886412477 489.333401592576 464.444540849513 465.000001826139 475.111122341548 472.555530878827 485.666661268719 518.888736472462 549.555397992978 569.444298355058 578.111008299613 574.333240456742 568.999943630568
-9999 -9999 -9999 1295.00003160469 -9999 1146.99997520034 1010.00002031321 957.250029277161 942.666638347565 -9999 -9999 -9999 -9999 -9999 -9999 -9999 -9999 -9999 -9999 -9999 -9999 -9999 -9999 -9999 -9999 -9999 -9999 -9999 -9999 -9999 -9999 2708.99530165663 2318.00286841927 2790.49898939334 2616.2227443981 1201.00363144299 526.000254416041 430.666733736913 616.110616472639 883.444747347233 764.111211554623 629.222013000047 582.888959120143 522.444616166088 447.22238440912 419.11117583311 405.777870558255 391.889049163845 390.222323138954 399.555549298407 438.555509670283 467.777819526589 459.222274374323 469.444428651077 455.888964006658 464.999814875245 544.444200673244 593.110930661957 632.555349142819 657.666553797931 653.888839820851 647.333246306588
1369.49976210273 1475.49998654456 1502.33329867738 -9999 -9999 -9999 -9999 -9999 -9999 -9999 -9999 -9999 -9999 -9999 -9999 -9999 -9999 -9999 -9999 -9999 -9999 -9999 -9999 -9999 -9999 -9999 -9999 -9999 -9999 -9999 -9999 -9999 -9999 -9999 2665.33528448896 1664.89065378229 908.889048170221 548.222026510575 435.11083992172 471.00051087556 698.110928782258 935.443701539435 677.111436768772 541.33357124537 395.111319635669 340.444643068699 333.666659817711 340.2222182936 345.555605352737 360.999899136621 406.888734916803 429.888957400586 471.66643212742 487.333321251413 472.444287777082 536.666517360851 566.110961110829 624.444233973415 687.22197917233 728.99983942991 721.666693446371 724.555382511775
-9999 -9999 -9999 -9999 -9999 -9999 -9999 -9999 -9999 -9999 -9999 -9999 -9999 -9999 -9999 -9999 -9999 -9999 -9999 -9999 -9999 -9999 -9999 -9999 -9999 -9999 -9999 -9999 -9999 -9999 -9999 -9999 -9999 -9999 2493.00056308804 2352.83211718892 1857.88913731891 1195.66701326869 1165.99845063236 518.889864515665 421.77756005137 768.888778893225 731.222406018689 673.778255318926 424.222629776256 341.222314810769 334.555549227796 365.222090075676 344.888925969834 355.222243970675 378.555500839323 418.888854607661 438.666643302744 460.333415622235 481.555461280487 516.222193807997 562.333099097428 653.888624960732 723.110837691295 759.777804158597 747.555532433992 795.333067770546
-9999 -9999 -9999 -9999 -9999 -9999 -9999 -9999 -9999 -9999 -9999 -9999 -9999 -9999 -9999 -9999 -9999 -9999 -9999 -9999 -9999 -9999 -9999 -9999 -9999 -9999 -9999 -9999 -9999 -9999 -9999 -9999 -9999 -9999 -9999 -9999 2564.66615974206 1893.1133497973 1305.77493567323 1069.22571999821 335.222637568042 540.221898479483 833.999389239514 640.777953349993 598.000315626616 321.333350917739 339.555193508302 350.888941997024 303.555636235447 321.222070127586 355.666547931973 404.999776898905 426.666607029915 432.888901093225 465.777684615284 506.777579561911 581.110783451687 665.777613852158 698.555507801279 719.222123575202 753.110938981674 791.666454841072
-9999 -9999 -9999 -9999 -9999 -9999 -9999 -9999 -9999 -9999 -9999 -9999 -9999 -9999 -9999 -9999 -9999 -9999 -9999 -9999 -9999 -9999 -9999 -9999 -9999 -9999 -9999 -9999 -9999 -9999 -9999 -9999 -9999 -9999 -9999 -9999 -9999 2309.57506102316 1880.88557089478 853.338449586161 217.999848410883 457.665891289912 795.332596332348 575.555982169713 481.2224702394 402.333703889787 469.222054539028 404.555381554497 334.555630359636 326.666688534882 361.777664249569 414.888786008572 422.55565063905 436.888767964719 488.222104565372 537.555256581178 659.666304065178 703.110947594334 729.555510851354 795.555202306434 814.555451692268 812.110933304954
-9999 -9999 -9999 -9999 -9999 -9999 -9999 -9999 -9999 -9999 -9999 -9999 -9999 -9999 -9999 -9999 -9999 -9999 -9999 -9999 -9999 -9999 -9999 -9999 -9999 -9999 -9999 -9999 -9999 -9999 -9999 -9999 -9999 -9999 -9999 -9999 -9999 1958.00637778374 1798.6671516287 392.669936389553 414.220967129234 570.222094602494 642.110685870681 527.111983480492 356.666678694688 461.889295344686 609.554881668405 353.00080805693 417.666542856521 374.55571264571 394.666369820903 411.222219962644 421.000034439698 452.888761556867 498.110915790503 568.110872066837 631.6663710298 733.333114378161 792.222019434548 822.444419271501 807.11122113593 777.111260650396
-9999 -9999 -9999 -9999 -9999 -9999 -9999 -9999 -9999 -9999 -9999 -9999 -9999 -9999 -9999 -9999 -9999 -9999 -9999 -9999 -9999 -9999 -9999 -9999 -9999 -9999 -9999 -9999 -9999 -9999 -9999 -9999 -9999 -9999 -9999 -9999 -9999 1514.87753457482 1358.55746457379 368.888239038023 341.333082483986 329.777505731073 431.444284081348 454.000504144908 328.444214722956 393.666416716357 575.444410375116 319.555701382208 328.889098923423 350.111171391249 428.555258800972 426.222401940565 449.222066953799 509.444084458567 558.333037268364 625.444163957625 700.777487677006 774.666404971702 823.666503662584 823.00006127069 804.33344028134 794.333182116032
