tabular/bioclim/future/ascii/bio7.asc
NCOLS 240 
NROWS 94 
XLLCORNER -180 
YLLCORNER -57.499992177 
CELLSIZE 1.5 
NODATA_value -9999 
[rows 0 to 27 of 94, columns 0 to 63 of 240]
-9999 -9999 -9999 -9999 -9999 -9999 -9999 -9999 -9999 -9999 -9999 -9999 -9999 -9999 -9999 -9999 -9999 -9999 -9999 -9999 -9999 -9999 -9999 -9999 -9999 -9999 -9999 -9999 -9999 -9999 -9999 -9999 -9999 -9999 -9999 -9999 -9999 -9999 -9999 -9999 -9999 -9999 -9999 -9999 -9999 -9999 -9999 -9999 -9999 -9999 -9999 -9999 -9999 -9999 -9999 -9999 -9999 -9999 -9999 -9999 -9999 -9999 499.999718372 498.999796602
-9999 -9999 -9999 -9999 -9999 -9999 -9999 -9999 -9999 -9999 -9999 -9999 -9999 -9999 -9999 -9999 -9999 -9999 -9999 -9999 -9999 -9999 -9999 -9999 -9999 -9999 -9999 -9999 -9999 -9999 -9999 -9999 -9999 -9999 -9999 -9999 -9999 -9999 -9999 -9999 -9999 -9999 -9999 -9999 -9999 -9999 -9999 -9999 -9999 -9999 -9999 -9999 -9999 -9999 -9999 -9999 414.999859186 451.666697958667 502.0000844884 520.2 522.666510206667 528.666468484 531.777595241111 530.777569164444
-9999 -9999 -9999 -9999 -9999 -9999 -9999 -9999 -9999 -9999 -9999 -9999 -9999 -9999 -9999 -9999 -9999 -9999 -9999 -9999 -9999 -9999 -9999 -9999 -9999 -9999 -9999 -9999 -9999 -9999 -9999 -9999 -9999 -9999 -9999 -9999 -9999 -9999 -9999 -9999 -9999 -9999 -9999 -9999 -9999 -9999 -9999 -9999 -9999 375 377 380 -9999 385.5 382.000046938 -9999 393.9999178585 446.12494719475 496.874976531 524.777845577111 540.87501760175 543.00007627425 548.714372884857 548.7500352035
-9999 -9999 -9999 -9999 -9999 -9999 -9999 -9999 -9999 -9999 -9999 -9999 -9999 -9999 -9999 -9999 -9999 -9999 -9999 -9999 -9999 -9999 -9999 -9999 -9999 -9999 -9999 -9999 -9999 -9999 -9999 -9999 -9999 -9999 -9999 -9999 -9999 -9999 -9999 -9999 -9999 -9999 -9999 370.5 397.499968708 427.333262926333 436.3998967364 -9999 -9999 360 369.333317687333 372.142877259143 375.00000586725 376.999984354 369.333239457333 362.333333333333 376.6000187752 435 492.5999812248 513.999835717 526.166791834667 523.333411563333 525.25009974325 524.33343764
-9999 -9999 -9999 -9999 -9999 -9999 -9999 -9999 -9999 -9999 -9999 -9999 -9999 -9999 -9999 -9999 -9999 -9999 -9999 -9999 -9999 -9999 -9999 -9999 -9999 -9999 -9999 -9999 -9999 -9999 -9999 -9999 -9999 -9999 -9999 -9999 -9999 -9999 351.500046938 358.8000093876 362.9999647965 366.624976531 367.416596259667 384.7498474515 403.5 435.5 462.999953062 433.1999718372 -9999 362.999906124 375.999906124 382.999882655 380.333270749333 377.5000586725 374.000015646 365.999812248 387.1998497984 432.333356802333 477.333208165333 499.500101699 500.333348979333 493.500046938 495.2501290795 496.285774634571
-9999 -9999 -9999 -9999 -9999 -9999 -9999 -9999 -9999 -9999 -9999 -9999 -9999 -9999 -9999 -9999 -9999 -9999 -9999 -9999 -9999 -9999 -9999 -9999 -9999 -9999 -9999 -9999 -9999 -9999 -9999 -9999 -9999 -9999 -9999 -9999 -9999 -9999 -9999 361 371 385.666604082667 392.999804425 398.499726195 429.222097054222 460.124929593 469.285747812857 443.999913947 410.999827894 395.4998005135 421.999624496 394 387.999874832 379.333317687333 381.333294218333 -9999 441.499804425 466.9997535755 494.2498943895 497.444402721778 496.99998239825 488.166658843667 480.666635374667 475.666705781667
-9999 -9999 -9999 -9999 -9999 -9999 -9999 -9999 -9999 -9999 -9999 -9999 -9999 -9999 -9999 -9999 -9999 -9999 -9999 -9999 -9999 -9999 -9999 -9999 -9999 -9999 -9999 -9999 -9999 -9999 -9999 -9999 -9999 -9999 -9999 -9999 -9999 338.8749882655 340.000015646 363.777730839778 404.571401749714 436.37481811525 444.8 457.666666666667 453 -9999 -9999 -9999 485.5 485.249788779 497.999718372 -9999 415.5 393.333184696333 412.833231634333 450.5 515.9996596995 516.499788779 514.666604082666 510.25 505 494.7499647965 483.0000093876 469.666635374667
-9999 -9999 -9999 -9999 -9999 -9999 -9999 -9999 -9999 -9999 -9999 -9999 -9999 -9999 -9999 -9999 -9999 -9999 -9999 -9999 -9999 -9999 -9999 -9999 -9999 -9999 -9999 -9999 -9999 -9999 -9999 -9999 -9999 -9999 -9999 -9999 349.7499647965 345.333255103333 348.444334922444 372.624929593 419.399812248 450.99997066375 456.999979138667 456.777814285111 459.00004107075 463.37506453975 471.87506453975 485.166651020667 494.999929593 505.49995892925 519 486.999906124 452.999929593 428.87477117725 454.777496149778 499.166471091667 545.749812248 543.857149562571 529.999929593 -9999 515.749953062 500.777736055111 490.7999624496 473.8750117345
371.499835717 333.999906124 -9999 -9999 -9999 -9999 -9999 -9999 -9999 -9999 -9999 -9999 372.666666666667 366.9998873488 364.833247280333 368.3748005135 411.666424153666 452.333208165333 491.749788779 495.999874832 480.333192519333 468 -9999 -9999 -9999 -9999 -9999 -9999 -9999 -9999 -9999 -9999 -9999 -9999 396 395 -9999 354.999906124 356.999953062 375 -9999 449.999812248 447.499976531 446.777772562444 452.222196145556 461.111137187778 474.555560770889 488.222196145556 498.111147618444 510.111111111111 516.071482214857 508.333364625333 504 -9999 482.5 546.666604082667 555.888847166222 556.111105895778 555.9998709205 -9999 520.25 508.12498239825 495.3749647965 489.555482540889
457 -9999 -9999 -9999 -9999 -9999 -9999 -9999 -9999 324.5 356.666682312667 384.4999647965 391.666572790667 393.777636963778 399.222034470222 418.444246261778 450.888659414222 486.110985943111 520.222164853555 508.444434013778 492.555492971555 475.111074603778 451.999906124 430.221930163555 416.888518600222 425.249859186 440.666416330667 442.1998779612 440.333176873333 437.9998216356 441.333075174333 439.499741841 433.222055331555 431.888711567555 427.555320865555 417.62479464625 402.285553355428 400.499867009 396.333291610667 403.499874832 412.7999718372 431.00007823 440.3749882655 437.00005280525 439 455.555581632222 475.888873242889 488.749953062 496.999979883714 505.8750117345 510.8750117345 505.75000586725 505 530 555.3999248992 563.785647231428 568.7499178585 576.999919534857 568.285647231428 555.2499647965 534.999984354 529.999906124 -9999 503.99992372575
447.222310882889 408.750070407 353.666619728667 319.499929593 -9999 -9999 -9999 -9999 -9999 317.333395917333 352.14289067 378.222310882889 392.555607708889 398.000041722667 411.666630159333 437.777725624444 466 498.333208165333 504.888904534889 495.111064173111 496.444491382444 499.110808621778 494.777636963778 485.999655788 469.555216558889 474.221951024889 498.333182088666 486.444100232444 453.444329707111 462.110881636444 489.999744448667 481.444246261778 477.777553518444 484.221977101555 481.999760094667 463.333129935333 446.666421546 437.777563949111 434.110928574444 431.222008393555 431.777579595111 438.777736055111 446.333244672667 443.37494719475 444.666525852667 457.6000657132 472.833348979333 487.0000375504 494.1249882655 498.777840361778 502.714325946857 505.6 518.7999812248 541.666697958667 563.14289067 575.99998239825 582.000046938 583.222258729556 569.666692743333 555.444428798444 543.777741270444 537.5999718372 531.999929593 526.888753290222
423.142971135143 384.222383897556 349.000062584 323.37502933625 312.111017235111 321.4998474515 328.666619728667 -9999 283.000046938 300.0000657132 326.333450678333 361.0000586725 373.25007627425 383.777835146444 411.000062584 443.888951472889 475.222117915555 504.222310882889 507.444611335111 491.222482988889 503.777798639111 506.666765758 521.000135598667 528.444527889778 512.666557144667 507.444308845778 512.555592062889 512.111194556445 470.333286395333 475.555456464222 505.666812696 505.333395917333 509.333317687333 525.555399095555 527.333255103333 500.777626533111 487.110928574444 479.999812248 474.222065762222 471.888732428889 469.110959866444 469.555258281555 472.333072566666 469.666468484 464.777621317778 467.222138776889 478.555446033555 485.777772562444 492.87499413275 495.111105895778 498.555524263556 505.444449659778 518.444475736444 538.777746485778 558.777814285111 574.222263944889 579.444439229111 573.666713604667 564.333343764 551.222248298889 543.888920180889 540.444470521111 541.857149562571 542.571408455143
394.00023469 -9999 322.000140814 308.333450678333 301.285848394286 300.00007823 -9999 -9999 282 296.333278572333 316.000070407 347.666752719667 352.000107286857 369.333395917333 406.777866438444 439.555581632222 456.000026076667 458.889175732222 452.222540357556 465.555951920889 469.111455323111 469.000219044 479.111408385111 504.333275964667 513.778043759778 522.666713604667 522.333213380667 488.111215417778 471.111173695111 482.000036507333 484.333495008667 472.666990017334 477.555852829556 489.666687528 494.333474147333 503.555680723556 514.555482540889 507.110991158444 506.222102269556 499.888737644222 496.777689117111 506.777595241111 515.444220185111 505.777532657111 492.444314061111 489.333234242 491.999942631333 494.444387075778 498.888836735555 501.333307256667 505.777720409111 513.777715193778 524.111105895778 538.888894104222 553.333354194667 568.111152833778 572.666724035333 567.555581632222 557.000031292 539.222316098222 521.666812696 517.571582796286 508.0003168315 510.00025229175
-9999 -9999 -9999 -9999 -9999 238 243.000070407 253.5 -9999 -9999 294.2500586725 307.500140814 327.142857142857 361.000020861333 392.222336959556 411.666864849333 424.222404758889 410.222519496222 386.889295684889 366.667083893334 347.444950331778 394.000318135334 446.222081408222 467.000177321333 507.889217454889 552.444470521111 564.111022450444 530.66664059 510.333244672667 524.000192967333 491.000219044 481.000505887334 498.999598419333 469.444475736444 456.888841950889 470.888659414222 494.111580491111 515.555649431556 518.111053742444 518.555555555555 519.333328118 529.777715193778 544.555576416889 530.222175284222 512.111006804444 502.777652609778 502.888878458222 504.222164853556 506.777715193778 508.666635374666 511.888862812222 516.444418367778 522.555581632222 530.111173695111 539.555607708889 546.111272786444 547.777908161111 549.666786619333 547.111194556444 527.333450678333 -9999 -9999 471.333693191333 458.0004130544
-9999 -9999 -9999 -9999 -9999 -9999 -9999 -9999 -9999 271.400093876 281.111168479778 298.111142403111 325.555597278222 357.333432424667 363.333521085333 367.666917002667 365.111465753778 332.556150103556 322.889191378222 332.778252373111 296.000166890667 326.333896589334 391.0007823 409.445231959778 398.445179806445 442.889253962222 490.22346868689 492.667047386 479.111721305111 498.444799087111 456.667240353334 470.00015646 491.333015198 462.777626533111 440.888852381556 458.666776188667 470.778090697778 496.000119952667 513.555597278222 521.111178910444 520.666750112 527.666770973333 519.777923807111 511.222415189556 508.111189341111 508.444460090444 508.111131972444 508.222263944889 512.000010430667 514.111100680444 512.222248298889 514.555592062889 519.888914965556 520.888883673555 521.000057368667 519.222352605556 518.555706800222 528.000100581429 540.000093876 -9999 -9999 -9999 -9999 -9999
-9999 -9999 -9999 -9999 -9999 -9999 -9999 -9999 240 243.333333333333 267.714319241429 285.571488920286 306.00015646 315.889123578889 321.66695351 321.222415189556 301.555868475556 290.444684349778 270.333552377333 262.556024935556 242.000194457429 224.333630607334 246.334209509334 273.000910597201 271.667675833667 307.501095220001 313.111716089778 359.555983212889 400.333724483334 385.445341481778 414.66664059 424.778294095778 415.556254410223 442.000448518667 474.666546714 471.999979138667 452.777939453111 465.444439229111 491.111199771778 500.889055779556 500.000198182667 494.222545572889 492.000166890667 480.777944668444 490.222316098222 502.888982764889 505.111142403111 506.555565986222 511.666635374666 513.777793423778 506.888951472889 506.444517459111 512.222253514222 511.444491382444 505.444517459111 500.555654646889 497.388967118889 509 -9999 -9999 -9999 -9999 -9999 -9999
-9999 -9999 -9999 -9999 -9999 -9999 -9999 -9999 -9999 -9999 -9999 -9999 278.166721427667 284.2001689768 284.000250336 289.000151244667 257.555753738222 241.100375504 213.500140814 216.000211221 -9999 -9999 -9999 -9999 -9999 -9999 -9999 255.000578902 262.000402325715 254.889473006223 294.111601352445 335.111121541778 368.888920180889 376.222399543556 403.889029702889 406.334006111334 389.222597726222 435.555717230889 475.888987980222 480.444621765778 475.000099091333 469.777918591778 462.222316098222 459.333322902667 476.444517459111 489.444538320444 495.444559181778 499.000057368667 502.777845577111 506.444548751111 487.777913376444 492.333411563333 505.555565986222 502.777845577111 495.888925396222 490.222284806222 484.666682312667 479.166674489667 -9999 -9999 -9999 -9999 -9999 -9999
-9999 -9999 -9999 -9999 -9999 -9999 -9999 -9999 -9999 -9999 -9999 -9999 -9999 -9999 227.2000563256 240.428839645714 239.00023469 197.833411563333 191.5 -9999 -9999 -9999 -9999 -9999 -9999 -9999 -9999 -9999 -9999 196.166729250667 206.57156268 249.111444892445 301.778466201778 332.444892963111 351.555837183556 372.555555555555 383.111220633111 376.666802265333 395.000375504 426.889212239556 424.000333781333 442.889139224889 447.444517459111 451.555691154222 451.777809069778 467.111225848445 471.888998410889 475.666734466 475.555701584889 473.555654646889 476.555508617556 492.666588436667 502.999994784667 499.444465305778 489.000031292 489.777756916444 485.999947846667 482.222206576222 477.8000093876 460.999976531 446.666651020667 -9999 -9999 -9999
-9999 -9999 -9999 -9999 -9999 -9999 -9999 -9999 -9999 -9999 -9999 182.000023469 195.666697958667 208.166846595667 214.000140814 -9999 -9999 -9999 -9999 -9999 -9999 -9999 -9999 -9999 -9999 -9999 -9999 -9999 -9999 -9999 174.166744896667 186.055685938889 226.50021708825 260.778101128445 326.888821089555 367.222342174889 375.110996373778 363.889008841556 344.111304078445 380.111137187778 396.333421994 421.000031292 426.889248746889 439.555654646889 436.889029702889 435.222383897556 446.333484578 456.889024487556 465.222284806222 471.333322902667 481.222222222222 496.444460090444 494.666760542667 498.00007823 496.666635374667 495.888852381555 493.222211791555 487.333354194667 478.555565986222 464.999973923333 455.222143992222 450.99981811525 455.249647965 458
-9999 -9999 -9999 -9999 -9999 -9999 -9999 -9999 176.000093876 173.000281628 177.000211221 177.000046938 -9999 -9999 -9999 -9999 -9999 -9999 -9999 -9999 -9999 -9999 -9999 -9999 -9999 -9999 -9999 -9999 -9999 -9999 -9999 178.333333333333 193.333333333333 210.666781404 278.333395917333 334.889290469556 363.111027665778 377.666645805333 364.999707941333 341.111283217111 340.778158497111 363.667130831334 388.444293199778 411.777965529778 405.888961903556 414.666682312667 429.555586847556 442.333406348 459.999979138667 466.333348979333 474.888961903556 487.000046938 478.444480951778 479.222336959556 484.555649431556 491.333333333333 489.222269160222 485.555565986222 480.888883673555 475.555513832889 478.666588436667 495.444303630444 495.666478914666 495.555357372889
-9999 -9999 -9999 -9999 -9999 -9999 -9999 163 168 -9999 -9999 -9999 -9999 -9999 -9999 -9999 -9999 -9999 -9999 -9999 -9999 -9999 -9999 -9999 -9999 -9999 -9999 -9999 -9999 -9999 -9999 179.000516318 158.999835717 184 209.286203782 268.222602941556 339.555894552222 401.777689117111 363.888847166222 322.777876869111 323.666557144667 332.222425620222 374.111293647778 405.444512243778 400.444387075778 410.999994784667 428.222159638222 437.000020861333 447.333338548667 454.000073014667 465.444501813111 472.222237868222 467.00007823 464.444480951778 482.222211791556 491.222227437556 487.000010430667 484.333333333333 480.333343764 479.333333333333 479.555576416889 485.222352605556 491.000140814 490.777918591778
-9999 153 152 -9999 -9999 -9999 -9999 -9999 -9999 -9999 -9999 -9999 -9999 -9999 -9999 -9999 -9999 -9999 -9999 -9999 -9999 -9999 -9999 -9999 -9999 -9999 -9999 -9999 -9999 -9999 -9999 -9999 -9999 -9999 155.999953062 202.555753738222 275.889452144889 354.555831968222 359.778262803778 348.222253514222 337.666270301333 323.777663040444 338.666791834667 375.333296826 408.888967118889 432.222154422889 437.666739681333 436.666687528 442.222263944889 450.888914965556 456.111137187778 472.666713604667 462.999994784667 466.777819500444 489.333338548667 482.222321313556 478.888998410889 476.444574827778 470.888972334222 478.222227437555 479.444428798444 468.888951472889 471.444507028444 471.777814285111
-9999 -9999 -9999 -9999 -9999 -9999 -9999 -9999 -9999 -9999 -9999 -9999 -9999 -9999 -9999 -9999 -9999 -9999 -9999 -9999 -9999 -9999 -9999 -9999 -9999 -9999 -9999 -9999 -9999 -9999 -9999 -9999 -9999 -9999 174 171.8001032636 213.50046351275 266.428980459714 286.333969604 333.333677545333 351.444204539111 328.33304649 339.444522674444 358.777767347111 383.000135598667 407.000146029333 428.222253514222 420.111194556444 437.555477325555 441.66664059 456.555534694222 461.111105895778 464.333354194667 472.111126757111 467.222316098222 462.000046938 457.222217006889 445.333442855333 452.222274375556 462.444553966444 468.111278001778 446.778059405778 448.3335941 454.111241494445
-9999 -9999 -9999 -9999 -9999 -9999 -9999 -9999 -9999 -9999 -9999 -9999 -9999 -9999 -9999 -9999 -9999 -9999 -9999 -9999 -9999 -9999 -9999 -9999 -9999 -9999 -9999 -9999 -9999 -9999 -9999 -9999 -9999 -9999 -9999 -9999 180.001408140001 214.62520535375 233.62509974325 324.222185714889 381.444371429778 365.111163264444 345.666624944 362.444329707111 358.666739681333 392.555722446222 428.000245120667 432.777829931111 445.111137187778 444.888977549556 456.111194556444 453.555701584889 455.888977549555 463.777767347111 458.222263944889 456.000062584 454.111173695111 449.555477325556 446.444491382444 423.222477773556 413.111418815778 377.444658273111 368.555852829556 405.889253962222
-9999 -9999 -9999 -9999 -9999 -9999 -9999 -9999 -9999 -9999 -9999 -9999 -9999 -9999 -9999 -9999 -9999 -9999 -9999 -9999 -9999 -9999 -9999 -9999 -9999 -9999 -9999 -9999 -9999 -9999 -9999 -9999 -9999 -9999 -9999 -9999 -9999 228.499960885 251.444507028444 327.111006804444 371.222290021556 349.777829931111 348.666661451333 370.110965081778 369.222175284222 367.666578006 363.778033329111 393.222702032889 434.888868027555 438.555466894889 435.888956688222 424.777866438444 442.444465305778 451.777782993111 453.888862812222 449.444434013778 441.666703174 443.000041722667 428.666499776 404.555367803555 398.333192519333 380.888706352222 353.111095465111 355.777866438445
-9999 -9999 -9999 -9999 -9999 -9999 -9999 -9999 -9999 -9999 -9999 -9999 -9999 -9999 -9999 -9999 -9999 -9999 -9999 -9999 -9999 -9999 -9999 -9999 -9999 -9999 -9999 -9999 -9999 -9999 -9999 -9999 -9999 -9999 -9999 -9999 -9999 239.333090820333 266.444230615778 343.888409078222 354.888878458222 368.555258281555 372.666776188667 395.888763720889 385.999859186 377.221914517555 363.000099091333 401.333495008667 413.222363036222 425.999911339333 420.222342174889 428.444397506444 434.888826304889 444.111137187778 447.111189341111 442.666713604667 438.888899319556 437.444486167111 437.777840361778 429.000015646 419.333265534 391.777908161111 343.444496597778 364.444287984444
-9999 -9999 -9999 -9999 -9999 -9999 -9999 -9999 -9999 -9999 -9999 -9999 -9999 -9999 -9999 -9999 -9999 -9999 -9999 -9999 -9999 -9999 -9999 -9999 -9999 -9999 -9999 -9999 -9999 -9999 -9999 -9999 -9999 -9999 -9999 -9999 -9999 247.856894756286 308.666400684666 352.66687528 386.333187304 403.888956688222 389.666828342 402.222300452222 402.778080267111 395.666823126667 372.000203398 402.444626981111 423.999572342666 415.889071425556 406.221982316889 412.000031292 419.555628570222 433.444559181778 434.222310882889 437.000015646 435.888873242889 428.00007823 424.333390702 421.444600904444 412.111152833778 369.222279590889 353.444454875111 376.777819500444
-9999 -9999 -9999 -9999 -9999 -9999 -9999 -9999 -9999 -9999 -9999 -9999 -9999 -9999 -9999 -9999 -9999 -9999 -9999 -9999 -9999 -9999 -9999 -9999 -9999 -9999 -9999 -9999 -9999 -9999 -9999 -9999 -9999 -9999 -9999 -9999 -9999 269.49992372575 334.222097054222 360.110902497778 381.666515422 404.111085034444 393.999900908667 378.222222222222 381.666598867333 389.777428350444 422.221930163555 413.444559181778 387.000573686667 369.778288880445 401.778106343778 402.444486167111 400.444486167111 416.444434013778 423.666734466 425.111220633111 425.888930611556 423.111100680444 416.444475736444 407.888862812222 401.000057368667 370.222112700222 354.99984354 369.888909750222
