data/raster/current/ascii/bio7.asc
NCOLS 240 
NROWS 94 
XLLCORNER -180 
YLLCORNER -57.499992177 
CELLSIZE 1.5 
NODATA_value -9999 
[rows 0 to 27 of 94, columns 62 to 123 of 240]
491.666676497441 489.33334332059 483.333364416347 478.666682416797 472.000021565157 464.50003893203 457.166707358853 449.500033530994 441.777805062362 434.000022860322 425.833346619314 421.166685480769 418.666664776156 419.166658869895 421.66667012177 425.799979691724 427.000016376044 424.000037158942 -9999 405.000038410519 403.000038723435 399.66669198683 396.666679887395 395 393.000012536225 391.499992118486 391.166654762782 390.499974823324 390.333326501347 388.888915860565 388.222240310527 388.222228593582 387.444436569396 387.222240154094 387.222235799354 388.444421271286 388.666674611266 390.777765269824 397.666648161128 401.222195207149 401.555564334617 401.666662833503 405.166651072995 407.666650160313 -9999 -9999 -9999 -9999 -9999 -9999 -9999 -9999 -9999 -9999 -9999 -9999 -9999 -9999 -9999 -9999 -9999 -9999
490.88888245673 487.55558260544 481.333357401845 475.000020478683 468.333351586814 461.111136987603 453.000030066092 444.111138560878 434.555598399065 424.777820873335 415.333371570035 409.777780785329 406.555551705059 408.125016252117 410.777763896479 414.999981515607 414.499997262015 411.888905047609 405.777805975124 401.000028579741 396.888903874153 393.000016054407 390.000011299805 388.111109103293 386.555561318486 385.333340617367 383.888914365544 383.11110769513 381.888891270533 381.666658948076 381.999987639854 382.111128816987 381.111114222926 379.111123775573 377.777791189768 377.000003902809 377.111121011469 379.111082696553 388.111075473395 391.555564769254 394.666646892149 397.333323572115 398.222215972585 401.999988787136 403.999984611234 405.555553052151 399.857207038567 388.111205612021 369.750113314957 351.800139263533 338.000105296452 -9999 -9999 -9999 -9999 -9999 -9999 -9999 -9999 -9999 -9999 -9999
486.714297046356 483.33336531169 476.111140586135 470.444456083222 463.888908011625 456.888926247625 448.666704190595 439.111151694671 427.666720601356 416.50004891933 405.333365811536 400.999990377835 -9999 397.66665785288 396.142856964069 399.111112736613 399.777786826364 397.000030952711 393.111141272838 389.444460724921 386.111137274441 383.22222107498 381.777776899925 380.555559223685 379.44446161138 378.444461394086 377.444456935024 376.666674254881 375.666678974736 374.77778577457 373.777776213228 371.666695324569 370.111126313656 368.888892487499 367.666687110498 366.777781715371 366.333335471634 368.111077177115 377.555521969167 381.333319434655 383.333325779956 385.777769103056 389.111093396597 391.666646431521 392.555554277845 391.571471698099 386.600046233496 380.500105687553 -9999 -9999 -9999 -9999 -9999 -9999 -9999 -9999 -9999 -9999 -9999 -9999 -9999 -9999
474.888894078159 472.000018079694 468.111124827356 463.777791363623 458.7777936931 454.000012177716 446.666690856892 436.625041676566 426.500033012765 404.500070953828 390.000066394223 379.222259633221 377.666649995262 380.888890809866 384.777770389515 386.777778212433 386.666672012385 384.7777864352 381.777790224983 379.000016871436 376.111123819064 372.888902926734 371.000009787394 370.000004067946 369.333342764328 368.777786461241 368.555565142975 367.777780976585 366.444452823698 364.999999348204 363.000008500993 360.666691108932 358.55556574279 356.777782697594 355.111110946088 354.00000024351 353.666683068741 356.11108608659 369.333281467477 373.11111111111 374.444434961381 376.444444409712 376.777788608248 373.444452545658 373.999997270661 370.500001225568 366.499925761 -9999 -9999 -9999 -9999 -9999 -9999 -9999 -9999 -9999 -9999 -9999 -9999 -9999 -9999 -9999
461.88890687293 459.666672655559 458.000013246852 457.666660721329 456.11111151969 453.714294196574 450 -9999 -9999 398.000105139902 384.000087225502 366.714344620835 365.77776314895 372.111095639151 375.222226368328 376.444443592668 375.111112119536 371.000033647292 366.88891730352 362.555585065438 359.333341147673 357.000012629787 356.333344650578 356.444455387902 357.333330369417 358.111112093399 358.333342555712 357.333348709732 356.000015428533 353.888897311659 351.222243213743 348.55558594326 345.555587942472 342.88891708618 340.77780986913 339.444450876687 338.666667449001 340.999980755635 356.222143532496 360.333323902419 363.333332664154 360.333379975392 355.222252383998 355.444440811215 356.888898354749 353.14291122169 -9999 -9999 -9999 -9999 -9999 -9999 -9999 -9999 -9999 -9999 -9999 -9999 -9999 -9999 -9999 -9999
447.833352616918 444.875012105995 445.999989673767 449.222204290387 453.333325236641 454.500015763176 -9999 -9999 -9999 -9999 -9999 -9999 -9999 369.999964562189 -9999 -9999 -9999 -9999 356.00004665064 346.875017024701 342.222242857419 340.666683120949 341.555545533655 343.666662311981 345.222218893197 347.111118325568 348.444439794271 347.777802602455 346.333352090953 343.777797630617 340.333378115203 336.777798491188 332.888915747666 329.222249802382 326.444466739808 323.777791085538 322.111136831134 324.111080280222 338.888825445261 341.777777977835 343.555567863621 346.888880561988 346.444465192556 341.555610324551 336.222289030098 323.499957404442 320.000050770961 -9999 -9999 -9999 -9999 -9999 -9999 -9999 -9999 -9999 -9999 -9999 -9999 -9999 -9999 -9999
442.111117230383 430.500026245887 433.99999141434 444.499965031627 452.499972293901 455.750014394153 454.000032308756 -9999 -9999 -9999 -9999 -9999 -9999 -9999 -9999 -9999 -9999 -9999 -9999 337 325.875008165355 326.222207915101 329.444430424126 332.666652881042 335.888887193979 338.777777803833 340.111115613682 339.11112088112 336.888898711022 333.66667000458 329.444459707956 324.44448214225 320.222249228696 315.555584517853 310.666706433157 307.000039514412 304.444447200038 305.222191956296 317.555526758667 317.666724747509 316.555574044132 316.888932619343 320.666683720717 319.555544247427 317.333399019709 314.000115388172 -9999 -9999 -9999 -9999 -9999 -9999 -9999 -9999 -9999 -9999 -9999 -9999 -9999 -9999 -9999 -9999
438.625025668883 429.333348996612 434.222185393657 443.888854676688 450.222206715485 454.555555425209 451.777803376088 440.428621182353 429.750033051821 421 -9999 -9999 -9999 -9999 -9999 -9999 -9999 -9999 -9999 -9999 312.500055307932 312.111117369507 314.33331873927 320.666644814831 326.666646405389 330.555555998857 331.444461063799 330.000016123972 326.77779400608 322.111146566351 317.000033360438 311.555594035712 306.000047502571 300.222272593194 294.777818483074 289.222274679262 285.11114970422 283.666672794651 291.55554853258 292.111166288293 293.66668671962 294.333371448325 296.666706241913 298.125014404165 -9999 -9999 -9999 -9999 -9999 -9999 -9999 -9999 -9999 -9999 -9999 -9999 -9999 -9999 -9999 -9999 -9999 -9999
439.66668939653 437.22221027922 442.222199413991 447.888881509228 445.000024190189 441.000020652649 440.111134771165 435.888925474104 428.111144940952 418.666694438088 410.500010443648 404.333352695073 397.000054916816 -9999 -9999 -9999 -9999 -9999 -9999 -9999 -9999 303.999965227318 302.66664369343 307.888861865257 317.888841203998 324.222200092124 324.000023799053 320.444464418939 316.000026928304 310.555580684681 304.44448344605 297.777821351549 290.88893833843 283.888936521799 277.00004657258 270.555592992807 265.111149582671 260.777789973049 262.777815718903 264.11113294594 266.999987274676 263.750029164767 274.374944486937 278.999983376534 -9999 -9999 -9999 -9999 -9999 -9999 -9999 -9999 152.500026793811 -9999 -9999 -9999 -9999 -9999 -9999 -9999 -9999 -9999
442.5 441.666646726986 449.11108189676 453.555553738894 440.33340204455 425.714287480158 430.399993569713 431.222220866295 426.777818239583 418.444463880149 410.555588881147 402.555602188738 390.777844994015 377.333412553414 -9999 -9999 -9999 -9999 -9999 -9999 -9999 296.500003168564 293.571423944959 301.666602140685 318.777700748143 323.22222220475 318.111151659904 311.555584630911 304.444475275594 297.777820630072 290.777823072587 283.444488678798 275.66671832409 267.333396142763 258.111176484747 247.222297652695 240.888937026072 237.777801724681 248.000018097094 244.000083635401 238.555553348489 243.666698532404 252.999949516661 -9999 -9999 -9999 -9999 -9999 -9999 -9999 -9999 -9999 -9999 -9999 -9999 -9999 -9999 -9999 -9999 -9999 -9999 -9999
449.25002966836 448.555528888019 452.777764539632 450.571443714412 -9999 421.500027125783 419.999985586353 421.555563204662 422.400026785647 416.285731630302 410.666685519948 403.000039862106 388.44452751499 370.333392361566 363.571443826169 365.749970859683 -9999 -9999 -9999 -9999 -9999 -9999 289.555501038476 317.666485653019 337.111131485151 322.222295436044 309.444510643721 300.111152329343 291.666720714418 283.444487131723 275.555608073615 267.111180239711 258.888946465728 249.666736203683 237.555634906186 221.11119725909 213.000121145415 212.000011656964 213.666574487689 213.999952436669 -9999 -9999 -9999 -9999 -9999 -9999 -9999 -9999 -9999 -9999 -9999 -9999 -9999 -9999 -9999 -9999 -9999 -9999 -9999 -9999 -9999 -9999
463.38890106201 462.444433752996 460.750001085361 451.000046037862 -9999 -9999 -9999 -9999 411.333360452662 412.000002459871 410.888899406356 408.111130068572 397.111158656972 378.428617583825 361.777818465705 358.444447886474 362.625034254659 361.000074317704 -9999 -9999 -9999 -9999 280.624974531583 302.222137300404 319.111167445371 303.66674993769 292.333403939573 284.111159474321 276.222270698376 266.555633280636 256.444518831825 247.222274540343 237.666717628908 226.000076238818 214.28580969205 206.999991591019 -9999 -9999 -9999 -9999 -9999 -9999 166.199956159799 174.399976547184 173.999988343529 180.599934960379 175.500045235856 164.500043990752 156.333350674523 -9999 -9999 -9999 -9999 -9999 -9999 -9999 -9999 -9999 -9999 -9999 -9999 -9999
477.399990549863 478.333312020113 477.285738704348 460.666748390065 -9999 404 400.000016907309 402.222211200669 404.555552591587 406.44445060723 409.444432849241 414.111082844406 406.666730918813 378.625129938598 349.666774401246 345.80002536201 349.999926622182 -9999 -9999 -9999 -9999 -9999 265.999960181356 249.000035111962 263.88885528579 269.555562622898 268.555590419802 264.777824220021 258.444479143743 248.666724591287 235.111199666636 229.666649886967 -9999 -9999 -9999 -9999 -9999 -9999 -9999 -9999 -9999 153.000097473536 156.666565738067 164.375020153889 161.444509783111 170.777755960686 171.333391535894 158.111204047599 150.000033091265 -9999 -9999 -9999 -9999 -9999 -9999 -9999 -9999 -9999 -9999 -9999 -9999 -9999
482.666641581204 483.79999671434 476.800071876754 457.300069037218 432.000093405748 390.000072049414 390.499996069293 -9999 398.999966909064 403.000013976973 402.14284602335 404.444428581507 402.111189523109 366.66684998372 331.333463724088 316.000037784731 -9999 -9999 -9999 -9999 -9999 -9999 -9999 217.333411692586 221.749960259874 235.55551511149 244.222216868108 245.444469590944 239.444510278671 227.222312299008 215.857194198132 -9999 -9999 -9999 -9999 -9999 -9999 -9999 -9999 -9999 -9999 -9999 147 150.666768677021 137.666690709123 144.833274179499 149.666696785074 148.000051240101 -9999 -9999 -9999 -9999 -9999 -9999 -9999 -9999 -9999 -9999 -9999 -9999 -9999 -9999
-9999 -9999 473.000059141253 -9999 423.750053127198 404.500031526352 398.222209249158 398.6666561317 399.777784879107 397.250026275083 392.500021435138 -9999 382.000116300633 352.25016166068 312.600095142506 304.000036220102 -9999 -9999 -9999 -9999 -9999 -9999 -9999 -9999 199.500013025117 206.124929515938 220.333289794688 230.555557919898 220.444524412443 203.000104627621 -9999 -9999 -9999 -9999 -9999 -9999 -9999 -9999 -9999 -9999 -9999 -9999 -9999 -9999 -9999 -9999 -9999 -9999 -9999 -9999 -9999 -9999 -9999 118.999996526588 -9999 -9999 -9999 -9999 -9999 -9999 -9999 159.374887159147
-9999 -9999 -9999 -9999 436.250007764393 414.000031839269 412.000004015652 408.111111154393 406.444438811949 403.333342277389 395.33334596302 381.714305997645 377.500095986593 -9999 339.500039075033 337.833347869842 -9999 -9999 -9999 -9999 -9999 -9999 -9999 -9999 -9999 196.000151137903 202.333296305057 213.600013581147 195.00012956749 175.250171380978 -9999 -9999 -9999 -9999 -9999 -9999 -9999 -9999 -9999 -9999 -9999 -9999 -9999 -9999 -9999 -9999 -9999 -9999 -9999 -9999 -9999 -9999 -9999 -9999 -9999 -9999 131 132.749957932009 -9999 -9999 -9999 179.856922323908
-9999 -9999 -9999 -9999 441.000031213136 429.500018990076 423.777803688841 419.66665362844 417.888874798833 416.888879475175 416.555534294304 419.333280971515 430.199980426635 412.500042634587 384.666697140831 370.500013748292 365.833399735622 -9999 -9999 -9999 -9999 -9999 -9999 -9999 -9999 -9999 -9999 -9999 -9999 -9999 -9999 -9999 -9999 -9999 -9999 -9999 -9999 -9999 -9999 -9999 -9999 -9999 -9999 -9999 -9999 -9999 -9999 -9999 -9999 -9999 -9999 -9999 -9999 144.499995032665 167.499838300327 168.749971836781 151.666685205901 -9999 -9999 -9999 -9999 176.999796656061
-9999 -9999 -9999 -9999 445.000000000324 438.750015841487 429.499984706367 429.444446226196 429.888869305389 431.888856875709 438.44437864496 450.222139411961 451.777790129132 437.555570975217 426.555551113486 409.333373803456 386.888943709771 373.000162011199 -9999 -9999 -9999 -9999 -9999 -9999 -9999 -9999 -9999 -9999 -9999 -9999 -9999 -9999 -9999 -9999 -9999 -9999 -9999 -9999 -9999 -9999 -9999 -9999 -9999 -9999 -9999 -9999 -9999 -9999 -9999 -9999 -9999 -9999 -9999 151.499932527419 178.999764678113 200.333341738265 182.571495669488 -9999 -9999 -9999 -9999 -9999
495.799993538328 492.666690109163 486.666696941353 -9999 448.50002073078 442.500026206881 437.428561331388 439.444420436683 441.22219324255 445.111078211251 450.999978886594 458.888846984178 458.111138360936 451.666667362046 452.999983067464 438.777841795042 412.333418881179 375.37515606691 351.250017503659 -9999 -9999 -9999 -9999 -9999 -9999 -9999 -9999 -9999 -9999 -9999 -9999 -9999 -9999 -9999 -9999 -9999 -9999 -9999 -9999 -9999 -9999 -9999 -9999 -9999 -9999 -9999 -9999 -9999 -9999 -9999 -9999 -9999 145.500026949946 156.333166887327 178.124867885844 190.333311820409 193.142914898604 -9999 -9999 -9999 -9999 -9999
498.11110946817 496.888889349432 492.444456873881 486.666696315511 456 453.222222213422 451.777756473065 451.77775543885 453.555532078064 455.888876493738 456.777780246119 459.444431875616 457.555569801988 456.33330755233 463.111091979615 454.222276452217 433.222274870361 408.222276713028 375.666743739538 347.12509285768 317.500231871238 -9999 -9999 -9999 -9999 -9999 -9999 -9999 -9999 -9999 -9999 -9999 -9999 -9999 -9999 -9999 -9999 -9999 -9999 -9999 -9999 -9999 -9999 -9999 -9999 -9999 -9999 -9999 -9999 -9999 -9999 155.499823046055 163.888819795131 172.777721183304 175.749994406706 185.999935930337 193.555564204459 191.428572892425 -9999 -9999 -9999 -9999
500.555546428753 501.777775978489 499.888900614438 495.375030235347 478.500045177337 465.999981642266 467.111092396831 465.777775717479 465.888875954776 465.111107086442 463.555542795547 462.444450867778 458.666683503293 464.333248072312 472.777782271578 456.222312090238 436.888978278959 421.666756891177 390.444624849531 346.889095770324 304.555725530308 -9999 -9999 -9999 -9999 -9999 -9999 -9999 -9999 -9999 -9999 -9999 -9999 -9999 -9999 -9999 -9999 -9999 -9999 -9999 -9999 -9999 -9999 -9999 -9999 -9999 -9999 -9999 -9999 -9999 -9999 157.142727718294 168.555528175429 170.333453032458 160.5 179.444215259758 195.999931931505 210.777714055485 207.142953990378 190.500244115301 -9999 209.499872173172
501.777775335094 502.333330621563 498.888925282689 493.22225072383 486.142884847227 478.555558354305 476.555556876573 473.666658600417 473.777763757435 470.222246977302 463.222241440517 465.888845202332 461.777832103446 451.555629395287 440.555773998269 417.222374622462 402.55569547361 382.222386365072 369.666694282652 331.571651759342 325.499961177947 274 -9999 -9999 -9999 -9999 -9999 -9999 -9999 -9999 -9999 -9999 -9999 -9999 -9999 -9999 -9999 -9999 -9999 -9999 -9999 -9999 -9999 -9999 -9999 -9999 -9999 -9999 -9999 -9999 -9999 148.749914319734 153.000009752866 -9999 170.999980423252 184.555393856015 201.999878692824 213.111138673941 206.00009198806 196.999847081633 211.499804720066 223.222193155412
490.000037202981 492.000037019866 492.777818057336 483.666668639924 487.666661886023 482.444456500561 479.444477987508 469.6667038083 468.444464662497 468.111137787486 459.777807461521 461.777817718121 436.777956575771 406.333522974514 375.000117422459 347.000129950212 344.42863928755 344.666849045671 330.000149887403 331.833197527209 351.555483054208 331.800154439785 302.000237034362 -9999 -9999 -9999 -9999 -9999 -9999 -9999 -9999 -9999 -9999 -9999 -9999 -9999 -9999 -9999 -9999 -9999 -9999 -9999 -9999 -9999 -9999 -9999 -9999 -9999 -9999 -9999 -9999 -9999 -9999 154 169.999875655562 170.999990847731 180.999948877674 187.249750252411 217.499903595371 222.444304718153 236.333225090304 236.000024885443
405.555548698326 449.444437066085 471.888916851982 478.11108716469 478.888960686188 465.222280529319 462.000026815557 456.77782355073 449.444485106213 452.777829374369 437.222330457201 417.111240702637 408.999898144927 403.111173737237 375.333403548375 359.000192755886 -9999 -9999 290.749998493462 302.66667573381 325.666684095514 305.111373970803 281.333368250608 -9999 -9999 -9999 -9999 -9999 -9999 -9999 -9999 -9999 -9999 -9999 -9999 -9999 -9999 -9999 -9999 -9999 -9999 -9999 -9999 -9999 -9999 -9999 -9999 -9999 -9999 -9999 -9999 -9999 -9999 -9999 159.999835484071 170.888782922949 192.055369844204 217.777589540469 234.222137178223 240.666610132914 248.888859135849 249.666634193069
381.888956574474 388.66659236667 423.444480517718 435.33339145874 436.111222145312 444.999960590273 451.777810234383 442.444530279331 435.666672343184 434.555631046885 413.000093623138 414.888791493431 430.000032177893 413.333398733055 399.777868054229 358.600115184828 331.333404677205 322.200055120485 302.000225769363 -9999 267.333265014647 257.800113386449 251.416626960245 -9999 -9999 -9999 -9999 -9999 -9999 -9999 -9999 -9999 -9999 -9999 -9999 -9999 -9999 -9999 -9999 -9999 -9999 -9999 -9999 -9999 -9999 -9999 -9999 -9999 -9999 -9999 -9999 -9999 -9999 -9999 -9999 177.999958969402 197.799840803403 223.555386867702 243.22217079959 247.777746434068 251.999995296554 263.222124739882
367.666694047445 395.666512963598 380.666813902733 358.666771346712 386.888849870696 410.777777247992 418.222275097322 415.2222998263 411.666706659552 416.555568742063 408.555581250373 417.333321711532 407.111282659375 354.000439952558 351.333364530671 347.555651682502 332.250127407011 317.000116202669 298.000150512909 -9999 -9999 -9999 -9999 -9999 -9999 -9999 -9999 -9999 -9999 -9999 -9999 -9999 -9999 -9999 -9999 -9999 -9999 -9999 -9999 -9999 -9999 -9999 -9999 -9999 -9999 -9999 -9999 -9999 -9999 -9999 -9999 -9999 -9999 -9999 -9999 -9999 -9999 230.333115204344 251.777696315208 253.11112542711 257.333297807067 277.55530056371
367.111008300822 394.777782063351 380.333427877882 351.999990934035 366.44440896316 367.444478579119 375.000041488267 388.333240154224 397.999953479988 405.555567655301 401.889072647747 380.833552088864 364.625143502079 263.999957831982 261.857257185076 307.000046469587 -9999 -9999 249 -9999 -9999 -9999 -9999 -9999 -9999 -9999 -9999 -9999 -9999 -9999 -9999 -9999 -9999 -9999 -9999 -9999 -9999 -9999 -9999 -9999 -9999 -9999 -9999 -9999 -9999 -9999 -9999 -9999 -9999 -9999 -9999 150 176.74972774284 222.332902031301 222.666416170868 189.99964708008 194.999605512936 238.999786042899 255.888841899183 260.333346206306 267.777694820721 265.666855084589
366.444340555648 381.666693064671 370.222287604754 357.333336792916 355.666652950651 364.888816013532 369.888850418226 370.888851347472 380.222291819293 383.666710318902 363.111317446127 302.000068374372 -9999 -9999 -9999 -9999 -9999 -9999 -9999 -9999 -9999 -9999 -9999 -9999 -9999 -9999 -9999 -9999 -9999 -9999 -9999 -9999 -9999 -9999 -9999 -9999 -9999 -9999 -9999 -9999 -9999 -9999 -9999 -9999 -9999 -9999 -9999 -9999 -9999 -9999 -9999 -9999 204.999480176905 262.221886228041 282.888833066881 264.111090274973 269.999799792957 262.555571470458 256.11107708174 233.555646371382 232.666743932634 -9999
