data/raster/current/ascii/bio7.asc
NCOLS 240 
NROWS 94 
XLLCORNER -180 
YLLCORNER -57.499992177 
CELLSIZE 1.5 
NODATA_value -9999 
[rows 0 to 27 of 94, columns 0 to 61 of 240]
-9999 -9999 -9999 -9999 -9999 -9999 -9999 -9999 -9999 -9999 -9999 -9999 -9999 -9999 -9999 -9999 -9999 -9999 -9999 -9999 -9999 -9999 -9999 -9999 -9999 -9999 -9999 -9999 -9999 -9999 -9999 -9999 -9999 -9999 -9999 -9999 -9999 -9999 -9999 -9999 -9999 -9999 -9999 -9999 -9999 -9999 -9999 -9999 -9999 -9999 -9999 -9999 -9999 -9999 -9999 -9999 -9999 -9999 -9999 -9999 -9999 -9999
-9999 -9999 -9999 -9999 -9999 -9999 -9999 -9999 -9999 -9999 -9999 -9999 -9999 -9999 -9999 -9999 -9999 -9999 -9999 -9999 -9999 -9999 -9999 -9999 -9999 -9999 -9999 -9999 -9999 -9999 -9999 -9999 -9999 -9999 -9999 -9999 -9999 -9999 -9999 -9999 -9999 -9999 -9999 -9999 -9999 -9999 -9999 -9999 -9999 -9999 -9999 -9999 -9999 -9999 -9999 -9999 469.333426504163 472.666664698002 474.714268638133 483.166649730101 485.874987434478 488.555547150279
-9999 -9999 -9999 -9999 -9999 -9999 -9999 -9999 -9999 -9999 -9999 -9999 -9999 -9999 -9999 -9999 -9999 -9999 -9999 -9999 -9999 -9999 -9999 -9999 -9999 -9999 -9999 -9999 -9999 -9999 -9999 -9999 -9999 -9999 -9999 -9999 -9999 -9999 -9999 -9999 -9999 -9999 -9999 -9999 -9999 -9999 -9999 -9999 -9999 463 466.999986440302 468.500012164635 -9999 469.666673968071 467.999926934159 469.00002773213 463.125005045844 461.555506349542 454.666618686106 458.888858709845 476.249970898754 482.49998841236
-9999 -9999 -9999 -9999 -9999 -9999 -9999 -9999 -9999 -9999 -9999 -9999 -9999 -9999 -9999 -9999 -9999 -9999 -9999 -9999 -9999 -9999 -9999 -9999 -9999 -9999 -9999 -9999 -9999 -9999 -9999 -9999 -9999 -9999 -9999 -9999 -9999 -9999 -9999 -9999 -9999 -9999 452.999979895105 453.500012125501 454.66666919609 454.571437869558 455.499999618628 456.999977861228 -9999 455.000011617031 462.833324076274 463.714297538079 462.777780602729 462.14285904269 462.249997242464 459.749999520793 457.333337675065 459.166659795593 458.666626339673 457.999897923899 470.166647826478 473.87499422577
-9999 -9999 -9999 -9999 -9999 -9999 -9999 -9999 -9999 -9999 -9999 -9999 -9999 -9999 -9999 -9999 -9999 -9999 -9999 -9999 -9999 -9999 -9999 -9999 -9999 -9999 -9999 -9999 -9999 -9999 -9999 -9999 -9999 -9999 -9999 -9999 -9999 -9999 436.666672455686 441.833333137765 444.999994406652 448.874994514143 450.874994631567 451.833325327935 452.599991676434 453.666666614514 451.666679730953 449.200005038031 -9999 452.000031369792 452.999982820913 453.333336201939 456.199985214773 455.400018540283 454.250008507499 452.25002800609 449.444442523553 451.749974027969 452.249998846109 457.37498200247 461.857131480473 463.142855321261
-9999 -9999 -9999 -9999 -9999 -9999 -9999 -9999 -9999 -9999 -9999 -9999 -9999 -9999 -9999 -9999 -9999 -9999 -9999 -9999 -9999 -9999 -9999 -9999 -9999 -9999 -9999 -9999 -9999 -9999 -9999 -9999 -9999 -9999 -9999 -9999 -9999 -9999 435 438.833328704731 442.333344233225 444.666669795863 444.000006636515 444.999983992372 446.000012047286 448.777765113341 449.571429141376 448.222233600232 443.500021630368 440.300010584402 449.249982222478 453.666655740628 453.333344572288 454.99999946224 453.428578078011 450.99999994791 445.125025434234 445.83330637039 451.999992756008 451.666657200908 456.000000469399 452.666686536932
-9999 -9999 -9999 -9999 -9999 -9999 -9999 -9999 -9999 -9999 -9999 -9999 -9999 -9999 -9999 -9999 -9999 -9999 -9999 -9999 -9999 -9999 -9999 -9999 -9999 -9999 -9999 -9999 -9999 -9999 -9999 -9999 -9999 -9999 -9999 -9999 423.999998357199 423.000007058033 424.888883282525 430.999990829816 438.777772831952 442.777772249604 447.833318130815 449.333340217503 447.000013976944 449.000010678281 -9999 456 454.666664867378 451.166657005263 452.499980364458 -9999 458.500000039051 458.714275477426 458.285714989763 458.999953349572 451.000022702057 449.999983057821 450.666674502587 451.999974419233 452.000033794755 448.375025952513
-9999 -9999 -9999 -9999 -9999 -9999 -9999 -9999 -9999 -9999 -9999 -9999 -9999 -9999 -9999 -9999 -9999 -9999 -9999 -9999 -9999 -9999 -9999 -9999 -9999 -9999 -9999 -9999 -9999 -9999 -9999 -9999 -9999 -9999 -9999 -9999 420.142869313091 416.333341373618 419.2222152164 427.722199279404 439.499974588528 447.999995280054 448.222220422981 446.333340808608 446.3333417473 449.111099350699 452.249983552317 458.571411763258 458.888883943025 459.666651246707 464.999994289076 459.000008742072 461.833323267806 464.749999608767 467.999987083384 468.000016617782 464.857160805014 465.142820766241 457.666697932049 -9999 454.750020564484 446.777799012689
360.833339317916 343.333336827613 -9999 -9999 -9999 -9999 -9999 -9999 -9999 -9999 -9999 391 393.333329369713 394.399996323183 395.833318547954 405.249952074671 449.714223689548 503.499945747943 535.999971586958 537.333344441745 518.666682990379 499.000012646982 478.500020965416 -9999 -9999 -9999 -9999 -9999 -9999 -9999 -9999 -9999 -9999 450 440.000026519519 439 409.000103731869 411.000047250226 417.333309343127 425.499981537918 -9999 456.199968207519 450.750017924177 446.555554651503 447.111103096855 451.888867845251 460.222195424293 468.444425182585 471.444438446794 472.555539701076 471.375004410102 468.750010463096 469.999986172942 473 475.500012790393 483.000028084183 481.222219953458 476.777763487848 478.999987780591 474.000027927811 457.000020433464 448.00003455986
388.000002998808 -9999 -9999 -9999 -9999 -9999 -9999 -9999 -9999 375.000003676831 381.333324545633 388.249999833793 392.666660695188 398.555547089392 409.444423704924 432.666625665726 474.444384929252 520.777729840579 553.222212182831 538.888920789089 520.333358836068 502.444467070089 479.66668658024 452.888893886687 436.777742791574 444.444408441397 460.99994367452 470.333310477152 470.666668830907 473.833291871745 478.285680199803 475.571406611043 473.11108772038 468.11110652139 460.777774709116 451.625014853493 434.750011313733 429.142857086769 425.555566498852 428.857123936765 443.499962058827 457.499996988216 456.625020163477 450.000021173982 445.749991433854 457.222175493243 472.333286065482 482.444414525996 486.33331335868 487.222214460118 482.444460194518 474.000002068705 471.714280377917 489.333299798988 500.124943772732 506.714241123575 506.562495516332 506.666640755262 494.555583987405 480.142891563705 464.250048032688 457
383.888897224724 361.444448486308 346.500007392717 338.500016545597 -9999 -9999 -9999 -9999 -9999 373.333333411611 378.428573071395 385.555555155738 393.444439229157 404.777763948556 424.111071987681 450.777732839317 481.444409006562 516.777746303646 526.777796213897 512.222248333543 511.222247681499 512.888848000893 511.888867375614 506.444415125331 493.888852859484 501.666590523126 531.555486452702 515.666680269384 476.444458403933 492.222119663543 523.888860491356 516.555549722808 510.44441558637 512.444412822137 507.333323936709 486.666678131312 468.666669274022 457.555547123879 451.666647091719 449.888871773809 454.111081601064 462.333320068956 467.666636400624 464.333342937917 460.722189231063 472.222188383581 486.888849383145 498.444424904462 498.888889862254 497.000004615451 494.000015811925 488.999994510878 489.428529575839 499.999963310422 513.333283536037 521.222196754156 523.428586325515 518.666684007622 501.555615748583 483.666689926939 468.333372056798 458.42860236251
376.875009856973 354.222234486929 339.222231714116 330.500010336128 327.22223200966 325.750015773114 332.750000801941 -9999 348.666674150671 353.833345954474 364.000009765768 379.800008902592 391.444445357188 407.555539961878 435.222201082948 468.666642502497 502.111077229125 530.333316748846 529.111157118671 509.777774257658 518.222218423681 518.000016011108 536.111087903315 549.333342581772 538.111109685437 536.999982320065 544.777771684553 537.555587655707 489.444525715777 496.666597616377 532.777788521412 535.666684450777 537.666662120699 549.888850095783 549.33335525475 519.444475205651 504.555542543215 494.999987031033 486.888878718877 485.999973167148 484.444422887753 485.44439952315 490.222192268771 488.555536093567 483.888871678132 487.999954904979 498.333298103848 504.222211365726 508.555546628621 505.333330099754 502.999992811536 501.777759385106 504.333309994773 512.888842438046 523.33330351914 531.444417611792 528.333360670115 516.444472763362 502.333359783575 485.000040175247 474.77779028581 467.88888941032
374.000011812727 349.666668022639 327.666671803746 318.166683525217 309.222231722831 308.000014316083 -9999 -9999 343.499995853887 340.000006560198 350.714295895432 366.624996362416 380.000003236819 398.888872243517 437.666632671764 472.444417629219 492.888881370209 493.777821725646 483.777827514611 494.666705903493 492.111170444115 488.000021608849 497.555580424087 520.888891601036 534.333349049034 539.000016254287 539.333342077697 506.555650056354 482.222212122 497.555542117435 505.888843272818 496.666741905982 505.555491747622 510.444449825596 513.111132276749 518.888862786494 528.666656592291 520.222223638926 517.111102583957 511.222209800959 508.333317200572 518.888837526776 528.555507722429 520.111106330077 508.666666831622 508.222198753342 512.22219871864 514.222205785267 515.999998035404 515.999994802001 516.222193320814 518.666639277674 521.222209070852 527.888854467921 535.777738906598 544.777742696231 539.555586221299 522.777832607647 504.555594261631 489.333365789732 481.444467035085 477.625018422837
-9999 -9999 -9999 -9999 -9999 281.33333059532 286.250008937793 294.000001486488 -9999 -9999 333.199999984465 351.800001533381 368.999979045744 401.111077211725 432.333328152929 455.777783662577 470.000028336615 451.111175216033 424.555634081 401.00009904742 379.666753580211 424.22223653868 467.1110574459 478.555579381045 506.666662373609 539.222239276687 549.333327318401 521.777817509541 511.222155614419 528.444482950533 495.000186168204 492.222224682695 508.999947603683 485.777842125546 468.555580398298 481.111015715588 508.888888750336 528.333348875057 530.888884099282 530.555553278075 530.888858205662 539.888855119785 553.66665167273 538.444488756938 522.888892669935 517.33334853566 521.222200335402 523.444437603493 524.777762453465 525.444431858228 526.555540353009 527.444422644636 530.555538162422 533.666647135423 540.111091249468 542.555575434504 536.555597112754 521.55561183708 506.777812216131 493.714313552727 485.000028397109 484
-9999 -9999 -9999 -9999 -9999 -9999 -9999 -9999 -9999 299.800007635391 317.111118160657 341.222217180929 367.333327188103 398.444454249464 405.888923692608 412.555601954651 411.333400689417 374.777902606283 361.777823481708 367.444561102052 327.888967840084 355.222274419336 414.111209324923 417.666834643108 394.555646511432 424.333413641081 465.777888534974 471.111188089659 470.222264449403 491.666746165699 460.44456048445 474.33319448543 498.555552113748 478.444427973329 454.555506349416 472.444359340359 489.999988856929 513.111041478506 529.77776581738 536.000018244864 534.666655558105 540.333343972577 531.222274679452 521.222251671498 520.000002520906 524.333340452084 525.555564830055 526.444459759918 530.333330360534 532.11109747312 530.222228228509 531.111110424384 535.666645414407 536.222221013967 536.111111145881 533.333356750055 526.333380444728 517.000032455294 507.33338772861 -9999 -9999 -9999
-9999 -9999 -9999 -9999 236.000039271274 236.000021043798 -9999 -9999 255.999991812014 265.000005280619 293.625020819027 317.00001461937 337.111152477471 341.888953585099 351.000057446971 353.111177623885 337.11118354341 320.666740889292 297.142914541057 284.000124176726 252.111212914214 234.50013347976 247.333453637958 268.57155024183 273.000192067483 286.000103224828 307.111201432425 350.111121482162 397.222319062411 393.111203266246 419.777764853401 436.222252280724 433.889038524139 463.888811320792 498.888910827085 496.666682416311 474.111114710284 487.222169122257 511.666648048315 522.111126418121 521.555587603714 516.777842325875 516.111171391133 505.666673420489 514.666635157668 525.888880640092 525.888895416769 526.999996523114 531.111091319134 533.666674028913 525.66671282183 525.888868253967 531.777783366751 533.000009509226 528.333349118264 523.777796874522 516.555572705325 515.000000000246 -9999 -9999 -9999 -9999
-9999 -9999 -9999 -9999 -9999 -9999 -9999 -9999 -9999 -9999 -9999 -9999 293.500043013507 297.666724947892 299.428607906213 304.555612081006 281.333414196828 266.687555665376 216.200063240851 228.333371405142 -9999 -9999 152.999989439063 -9999 -9999 -9999 -9999 253.000074370798 254.750109737198 259.333417091983 303.333402871565 347.222188141313 386.555459525655 401.222161282263 436.888909281648 435.777945789332 420.111181196343 460.222106122303 499.777750241493 506.222232861694 503.000027232722 502.44447162489 500.00001100421 500.333275009228 514.111079897755 520.222223717363 521.222230731909 521.88890632551 524.555565864536 527.888927925379 508.333417890603 513.222188496887 527.222206932753 526.111134927703 520.888904056751 517.000018131766 510.666683346964 500.333350726186 -9999 -9999 -9999 -9999
-9999 -9999 -9999 -9999 -9999 -9999 181 -9999 -9999 -9999 -9999 -9999 -9999 230.999993506979 243.000020678858 252.750050624626 247.333376138106 210.857196533847 192.500059356716 -9999 -9999 -9999 -9999 -9999 -9999 -9999 -9999 -9999 -9999 196.000021848653 214.888874599717 254.444471782043 308.111279972827 341.444559868332 377.44445241603 397.333327779251 406.000014228398 402.222238989747 418.777813147054 455.00002580773 456.111166385283 480.111063444092 489.888936791148 497.333353091031 493.777776317798 501.999986197201 501.111128087145 501.777777630219 501.333362165276 497.2222576603 499.333314523475 514.444382825799 525.55554579442 523.555589637398 514.444430684987 517.222209583764 514.444447686517 508.777778368752 505.583343144507 502.800011139891 498.66668901407 -9999
-9999 -9999 -9999 -9999 -9999 -9999 -9999 -9999 -9999 -9999 -9999 186.000027820434 195.666703369551 207.375035086162 218.250026011651 219 202.000029023085 -9999 -9999 -9999 -9999 -9999 -9999 -9999 -9999 -9999 -9999 -9999 -9999 -9999 175.333363823208 190.666672317228 225.888916730652 265.666614106501 337.55545236377 381.444424226469 387.111069676467 381.666712604846 367.999992846819 404.111075882019 428.555564891249 458.110956269721 466.888995055239 478.888879797432 474.444505602498 470.000044921378 478.3333496923 487.666660956114 494.444435239652 497.999990255908 506.333305135906 519.777750423782 518.22223700781 522.444461272646 521.222209566408 520.666677192824 519.333345284979 513.888923709544 507.000015854451 501.666696185055 499.222223030598 497.000014433241
-9999 -9999 -9999 -9999 -9999 -9999 -9999 -9999 175.000007197016 178.500011343349 179.500022060885 177.250002757607 -9999 190.50000709932 -9999 -9999 -9999 -9999 -9999 -9999 -9999 -9999 -9999 -9999 -9999 -9999 -9999 -9999 -9999 -9999 -9999 176.499919384496 185.700066924939 212.666643320034 276.999953220141 336.111144828394 363.333283553804 384.777769103041 377.333327734875 354.000121141559 357.555616062293 391.444478076114 417.555469825642 443.111161621285 437.111117326637 444.111065807997 462.333333403031 473.111076403538 487.99998479772 494.888854911433 500.999994880623 510.999999661116 502.000023964222 502.888917408009 508.333341660604 513.999996305898 512.77779956026 509.333360061554 505.888911583948 502.00001489837 498.555568715409 497.777787938773
-9999 -9999 -9999 153 -9999 151.999997574925 156.333332264226 162.249999080839 170.66666784016 -9999 -9999 -9999 -9999 -9999 -9999 -9999 -9999 -9999 -9999 -9999 -9999 -9999 -9999 -9999 -9999 -9999 -9999 -9999 -9999 -9999 -9999 173.999995228214 161.333403401372 174.000018266915 195.222254471089 265.111080081108 338.999915826283 403.222178952469 368.555651282021 338.111088938379 329.333351969718 343.222312542346 395.555465601216 426.888891409927 428.111097212328 443.333249819284 462.1110844176 471.666624301288 479.555555364359 483.88886030058 490.555584222478 494.888886098808 489.666684320759 487.555552339623 505.55548111603 514.555563387089 510.111125861654 507.555569271652 503.444465800995 502.55555608582 501.111112806066 497.888899188992
147.500018344923 152.000000430256 152.333337662047 -9999 -9999 -9999 -9999 -9999 -9999 -9999 -9999 -9999 -9999 -9999 -9999 -9999 -9999 -9999 -9999 -9999 -9999 -9999 -9999 -9999 -9999 -9999 -9999 -9999 -9999 -9999 -9999 -9999 -9999 -9999 147.499964301385 196.777749981122 273.444375108637 346.333394918884 354.000131503933 347.999968795128 339.444379018762 331.333208029322 355.999943519192 390.888871843962 432.888822663592 464.666573374193 472.666699444686 469.444470851337 471.444458926035 480.333337809879 480.66666109488 493.555551731112 485.000047676347 489.77773437782 513.222176944951 506.777847175883 503.555569628495 501.555594122786 494.888887124755 503.777740166965 507.888890818427 499.222235547148
-9999 -9999 -9999 -9999 -9999 -9999 -9999 -9999 -9999 -9999 -9999 -9999 -9999 -9999 -9999 -9999 -9999 -9999 -9999 -9999 -9999 -9999 -9999 -9999 -9999 -9999 -9999 -9999 -9999 -9999 -9999 -9999 -9999 -9999 161.00006219183 167.166622545928 212.111119742662 251.555540275426 280.444559408018 323.888839674377 340.777792275422 322.666674906947 346.66660531746 372.444382113756 400.555537650499 429.333330187635 457.222170400152 449.22232466759 459.222188218236 463.333340304556 478.555537554247 484.111098811764 488.66663907779 498.111081019108 494.444487844482 492.000041696254 488.222220700824 477.333376837539 484.22217470248 497.333300798883 504.222267569364 487.444572262799
-9999 -9999 -9999 -9999 -9999 -9999 -9999 -9999 -9999 -9999 -9999 -9999 -9999 -9999 -9999 -9999 -9999 -9999 -9999 -9999 -9999 -9999 -9999 -9999 -9999 -9999 -9999 -9999 -9999 -9999 -9999 -9999 -9999 -9999 -9999 -9999 165.000188506567 207.222315018947 225.777709727228 315.66632893531 369.111046188938 359.222239232592 348.555545524681 368.444471216166 364.111132928268 408.666614974643 442.444490835055 453.555514928785 473.444424400597 467.222205646312 480.333375159907 476.888932975581 479.777783401662 488.444433431429 487.666658087546 493.555551539637 493.777808747975 487.777778777195 481.333382565752 457.00015660708 448.889016507872 412.889090173456
-9999 -9999 -9999 -9999 -9999 -9999 -9999 -9999 -9999 -9999 -9999 -9999 -9999 -9999 -9999 -9999 -9999 -9999 -9999 -9999 -9999 -9999 -9999 -9999 -9999 -9999 -9999 -9999 -9999 -9999 -9999 -9999 -9999 -9999 -9999 -9999 -9999 219.285573126795 246.333280632972 315.999765477622 359.666716664206 343.111162655548 349.444380270522 372.444437890246 376.55551989155 385.444374490906 383.555572757888 418.666700488857 459.777715620582 463.999929715923 462.777827132105 456.000033186895 471.888858014419 481.777771562807 485.555525593771 486.444459038555 479.888945248745 476.777836180269 454.88896484919 432.444454813658 425.444462827789 408.111127043429
-9999 -9999 -9999 -9999 -9999 -9999 -9999 -9999 -9999 -9999 -9999 -9999 -9999 -9999 -9999 -9999 -9999 -9999 -9999 -9999 -9999 -9999 -9999 -9999 -9999 -9999 -9999 -9999 -9999 -9999 -9999 -9999 -9999 -9999 -9999 -9999 -9999 234.832936528858 261.222158769362 335.110890921494 346.222192546894 361.666533050665 377.000007612821 401.444355419224 397.111140332802 396.888679557163 380.555642736193 420.11098423213 431.999981955871 447.333289682719 445.888947848031 458.222171034126 466.44443010179 475.999977496231 478.66669566383 471.333357715147 466.888913748889 463.3333971599 460.555570028125 450.666710214232 440.111127078531 415.333573410037
-9999 -9999 -9999 -9999 -9999 -9999 -9999 -9999 -9999 -9999 -9999 -9999 -9999 -9999 -9999 -9999 -9999 -9999 -9999 -9999 -9999 -9999 -9999 -9999 -9999 -9999 -9999 -9999 -9999 -9999 -9999 -9999 -9999 -9999 -9999 -9999 -9999 234.499763375739 303.666420287883 351.000003597733 374.888881534619 397.555570878869 396.555583431423 417.444425563654 426.00005304582 416.444530505421 386.555749623772 418.666389961548 436.777751185042 432.444464923919 426.666685953816 441.777693011967 452.111113232531 463.555583665953 459.888920267748 459.333371491969 452.66670517286 447.222254835327 442.444482159789 440.222259546679 428.333417290879 383.889114867073
-9999 -9999 -9999 -9999 -9999 -9999 -9999 -9999 -9999 -9999 -9999 -9999 -9999 -9999 -9999 -9999 -9999 -9999 -9999 -9999 -9999 -9999 -9999 -9999 -9999 -9999 -9999 -9999 -9999 -9999 -9999 -9999 -9999 -9999 -9999 -9999 -9999 256.333062712182 333.222238527916 355.111108798655 371.888821333652 399.111020608213 401.888848982809 400.888895460232 406.999929967241 408.888829773403 440.110997460864 425.777829870054 398.555853800932 389.000036698994 421.555577461642 433.777775553193 433.555558580541 440.111134884197 441.888914748223 439.666723878466 435.777795431994 433.888906812354 429.000024059973 421.444491816796 413.555594792061 382.444563379024
