data/raster/future/ascii/bio11.asc
NCOLS 240 
NROWS 94 
XLLCORNER -180 
YLLCORNER -57.499992177 
CELLSIZE 1.5 
NODATA_value -9999 
[rows 0 to 27 of 94, columns 0 to 63 of 240]
-9999 -9999 -9999 -9999 -9999 -9999 -9999 -9999 -9999 -9999 -9999 -9999 -9999 -9999 -9999 -9999 -9999 -9999 -9999 -9999 -9999 -9999 -9999 -9999 -9999 -9999 -9999 -9999 -9999 -9999 -9999 -9999 -9999 -9999 -9999 -9999 -9999 -9999 -9999 -9999 -9999 -9999 -9999 -9999 -9999 -9999 -9999 -9999 -9999 -9999 -9999 -9999 -9999 -9999 -9999 -9999 -9999 -9999 -9999 -9999 -9999 -9999 -334 -346.666322454666
-9999 -9999 -9999 -9999 -9999 -9999 -9999 -9999 -9999 -9999 -9999 -9999 -9999 -9999 -9999 -9999 -9999 -9999 -9999 -9999 -9999 -9999 -9999 -9999 -9999 -9999 -9999 -9999 -9999 -9999 -9999 -9999 -9999 -9999 -9999 -9999 -9999 -9999 -9999 -9999 -9999 -9999 -9999 -9999 -9999 -9999 -9999 -9999 -9999 -9999 -9999 -9999 -9999 -9999 -9999 -9999 -312.000375504 -324.333341156333 -337.3998216356 -338.7998873488 -343.499859186 -344.889170516889 -344.778085482445 -358.666656236
-9999 -9999 -9999 -9999 -9999 -9999 -9999 -9999 -9999 -9999 -9999 -9999 -9999 -9999 -9999 -9999 -9999 -9999 -9999 -9999 -9999 -9999 -9999 -9999 -9999 -9999 -9999 -9999 -9999 -9999 -9999 -9999 -9999 -9999 -9999 -9999 -9999 -9999 -9999 -9999 -9999 -9999 -9999 -9999 -9999 -9999 -9999 -9999 -9999 -297 -298 -299 -9999 -302 -296.000093876 -9999 -302.6252229555 -319.37528749525 -340.50044004375 -343.999989569333 -337.62514668125 -330.62466556675 -326.571354811714 -326.62466556675
-9999 -9999 -9999 -9999 -9999 -9999 -9999 -9999 -9999 -9999 -9999 -9999 -9999 -9999 -9999 -9999 -9999 -9999 -9999 -9999 -9999 -9999 -9999 -9999 -9999 -9999 -9999 -9999 -9999 -9999 -9999 -9999 -9999 -9999 -9999 -9999 -9999 -9999 -9999 -9999 -9999 -9999 -9999 -293.000023469 -297.166666666667 -300.999976531 -299.6000093876 -9999 -9999 -278 -295.333427209333 -295.428631777429 -291.2500821415 -285.666690135667 -282.333442855333 -276.333395917333 -273.6 -286.75 -303.2003191784 -315.334053049334 -319.833599315333 -309.000007823 -301.87508800875 -306.000161675333
-9999 -9999 -9999 -9999 -9999 -9999 -9999 -9999 -9999 -9999 -9999 -9999 -9999 -9999 -9999 -9999 -9999 -9999 -9999 -9999 -9999 -9999 -9999 -9999 -9999 -9999 -9999 -9999 -9999 -9999 -9999 -9999 -9999 -9999 -9999 -9999 -9999 -9999 -265.500070407 -272.8000563256 -280.12501760175 -284.5000117345 -286.750007823 -284.7500117345 -287.5 -296.5 -287.000093876 -284.3999906124 -9999 -274.000093876 -274.333348979333 -281.500023469 -278.333395917333 -275.749953062 -270.999984354 -267.000140814 -267.4000093876 -269.833294218333 -273.000203398 -279.833302041333 -280.999859186 -281.166744896667 -287.6251290795 -285.286002619143
-9999 -9999 -9999 -9999 -9999 -9999 -9999 -9999 -9999 -9999 -9999 -9999 -9999 -9999 -9999 -9999 -9999 -9999 -9999 -9999 -9999 -9999 -9999 -9999 -9999 -9999 -9999 -9999 -9999 -9999 -9999 -9999 -9999 -9999 -9999 -9999 -9999 -9999 -9999 -267 -273.5 -277.333333333333 -284.000070407 -289.833435032333 -289.222243083555 -287.87507627425 -286.285707580286 -281.333356802333 -274.333231634333 -268.000023469 -271.999906124 -278 -276.000109522 -271.833325510333 -268.833356802333 -9999 -262.499953062 -265.750070407 -271.000023469 -274.000031292 -274.49986505325 -268.333474147333 -267.666658843667 -266.000125168
-9999 -9999 -9999 -9999 -9999 -9999 -9999 -9999 -9999 -9999 -9999 -9999 -9999 -9999 -9999 -9999 -9999 -9999 -9999 -9999 -9999 -9999 -9999 -9999 -9999 -9999 -9999 -9999 -9999 -9999 -9999 -9999 -9999 -9999 -9999 -9999 -9999 -227.25 -231.666713604667 -241.666750112 -250.571415160571 -263.0000586725 -267.5999624496 -263.666666666667 -281 -9999 -9999 -9999 -272 -273.5001525485 -276.000046938 -9999 -268.5 -267.333403740333 -268.499976531 -270.5 -279.749976531 -280.833294218333 -280.833215988333 -274.4999647965 -271 -263.5000821415 -256.0000563256 -240.666697958667
-9999 -9999 -9999 -9999 -9999 -9999 -9999 -9999 -9999 -9999 -9999 -9999 -9999 -9999 -9999 -9999 -9999 -9999 -9999 -9999 -9999 -9999 -9999 -9999 -9999 -9999 -9999 -9999 -9999 -9999 -9999 -9999 -9999 -9999 -9999 -9999 -212.499976531 -218.111012019778 -219.888941042222 -225.8750821415 -237.6003004032 -249.125117345 -256.777840361778 -261.666677097333 -265.50001760175 -270.12497066375 -274.499953062 -269.500023469 -273.75002933625 -276.74991199125 -275 -277 -271.5 -268.9999882655 -272.555529478889 -278.666674489667 -288.000023469 -282.642830321143 -280.499976531 -9999 -268.49993546025 -261.000052153333 -249.2001032636 -242.62492372575
-185.499835717 -164.999882655 -9999 -9999 -9999 -9999 -9999 -9999 -9999 -9999 -9999 -9999 -166 -174.3999812248 -182.999976531 -194.624953062 -218.499968708 -241.666627551667 -256.499953062 -248.333348979333 -233.666713604667 -227 -9999 -9999 -9999 -9999 -9999 -9999 -9999 -9999 -9999 -9999 -9999 -9999 -215 -216 -9999 -224.999671434 -219.000117345 -211 -9999 -235.333583669333 -248.333481970333 -247.000135598667 -249.444574827778 -256.444522674444 -261.444522674444 -264.222269160222 -269.333328118 -274.666656236 -276.499986589143 -273.999984354 -272 -9999 -275 -291.333348979333 -296.999994784667 -299.333197734667 -290.250046938 -9999 -265.4999882655 -255.1249882655 -250.999953062 -242.555623354889
-205 -9999 -9999 -9999 -9999 -9999 -9999 -9999 -9999 -131.5 -145.666713604667 -162 -175.555461679555 -184.666557144667 -193.666630159333 -207.222117915556 -226.111038096444 -246.66664059 -260.888930611556 -244.444486167111 -231.999984354 -231.333218596 -238.332921322 -243.555289573555 -242.888497738889 -235.24995892925 -227.833255103333 -213.1997840852 -198.666604082667 -201.5999812248 -205.833341156333 -211.999968708 -215.555529478889 -218.888795012889 -219.666604082667 -222.875 -221.714258892571 -220.666549321667 -218.666515422 -219.499882655 -218.5999906124 -221.333255103333 -228.750070407 -233.25 -240.87507627425 -248.222248298889 -253.111137187778 -257.875046938 -264.428638482857 -271.62500586725 -274.6250117345 -273.25000586725 -273.0000117345 -280 -290.1999812248 -293.999939651143 -295.2500352035 -296.714312536 -292.857129446286 -280.4999882655 -263.999984354 -258.999812248 -9999 -249.375
-192.000109522 -155.00011147775 -123.666697958667 -104.500023469 -9999 -9999 -9999 -9999 -9999 -118.333489793333 -132.285828278 -147.333510654667 -165.999937416 -177.999979138667 -188.555732876889 -211.222357820889 -247.555414741555 -254.777902945778 -251.111184125778 -237.000239905333 -235.444407937111 -229.778163712445 -236.666551929333 -237.777788208444 -229.111257140445 -226.777840361778 -233.222081408222 -219.777876869111 -201.333364625333 -208.222284806222 -214.555539909556 -218.777736055111 -224.222180499555 -231.111038096444 -234.333229026667 -230.444376645111 -226.777741270444 -224.444418367778 -221.222227437556 -219.888909750222 -219.222290021556 -220.888873242889 -221.666671882 -224.74997066375 -242.333286395333 -245.999906124 -253.166643197667 -254.3999812248 -260.49999413275 -266.666661451333 -269.285741107429 -271.9999718372 -276.9999812248 -284.333325510333 -291.857116035429 -294.75000586725 -300.5999436744 -301.666635374667 -296.444454875111 -281.777782993111 -270.666619728667 -259.6000187752 -251.24992372575 -255.555654646889
-164.285586882571 -136.777949883778 -119.777725624444 -103.62511147775 -96.2224099742223 -109.2501056105 -114.000203398 -9999 -83.000023469 -84.6000751008 -99.5832942183333 -121.7499178585 -133.75000586725 -149.666781404 -172.666614513333 -192.333302041333 -206.111387523778 -219.444632196445 -212.888972334222 -202.666578006 -200.777934237778 -201.777902945778 -213.888941042222 -224.777746485778 -220.111090249778 -219.666770973333 -234.333385486667 -225.888815874222 -185.222237868222 -190.222295236889 -208.555607708889 -212.666677097333 -220.222217006889 -229.444517459111 -234.888941042222 -224.666729250667 -226.666682312667 -224.666697958667 -222.222159638222 -215.333333333333 -214.777772562444 -217.000088660667 -225.666750112 -232.777751701111 -241.555555555556 -250.66664059 -256.777803854444 -258.222164853556 -259.00000586725 -264.222263944889 -267.777793423778 -270.666697958667 -276.444465305778 -284.333343764 -291.000005215333 -295.444449659778 -300.222222222222 -301.333343764 -292.333401132667 -281.666682312667 -270.611147618444 -258.555529478889 -244.428604955714 -243.285647231429
-131.000140814 -9999 -94.0001408140001 -94.3332785723333 -82.8572836711429 -79.000046938 -9999 -9999 -79 -68.1669795866668 -87.499984354 -107.000062584 -116.428772591429 -140.000161675333 -157.111173695111 -173.555732876889 -185.444699995778 -188.889034918222 -180.444642627111 -174.666870064667 -174.111351016445 -177.889066210222 -187.333573238667 -200.66703174 -222.444251477111 -217.666411115333 -225.666656236 -212.444538320445 -187.666692743333 -192.999942631333 -198.777793423778 -210.777762131778 -223.999973923333 -227.889003626222 -223.889034918222 -214.222227437556 -219.444517459111 -223.888904534889 -219.333317687333 -219.111116326444 -220.777720409111 -220.333317687333 -227.444439229111 -232.666713604667 -236.333385486667 -241.888935826889 -248.333416778667 -249.666765758 -251.333406348 -255.555607708889 -258.777840361778 -262.777845577111 -269.000052153333 -275.444533105111 -282.222279590889 -287.666755327333 -288.555685938889 -285.000104306667 -279.444533105111 -267.444553966445 -254.111251925111 -238.000160930286 -222.500117345 -223.12517015025
-9999 -9999 -9999 -9999 -9999 -61 -59.0000938760001 -58 -9999 -9999 -61.0000352035 -80.4999647965 -98.5714956257143 -119.222279590889 -134.111225848444 -152.444580043111 -158.555758953556 -149.333531516 -142.000151244667 -130.111497045778 -117.333740129334 -156.888956688222 -171.666656236 -176.889024487556 -186.666791834667 -216.000099091333 -224.888925396222 -202.111111111111 -188.222154422889 -190.888841950889 -174.333416778667 -181.000073014667 -202.444585258445 -205.777939453111 -200.666963940667 -206.666974371333 -213.111012019778 -212.888899319556 -211.555685938889 -210.888920180889 -214.000010430667 -217.444501813111 -222.111168479778 -223.111184125778 -222.222363036222 -226.000166890667 -227.888967118889 -231.111225848445 -236.33343764 -242.000083445333 -247.222295236889 -254.555581632222 -260.777829931111 -266.777824715778 -268.666760542667 -272.333453286 -271.444559181778 -266.777845577111 -260.111178910444 -251.666674489667 -9999 -9999 -208.333458501333 -199.2001595892
-9999 -9999 -9999 -9999 -9999 -9999 -9999 -9999 -9999 -51.3999812248 -56.0000260766667 -69.5556024935556 -88.2222848062222 -105.111142403111 -117.000114737333 -115.666885710667 -113.444726072445 -123.777553518444 -95.8894208528892 -70.7779550991112 -69.8894312835559 -132.333119504667 -134.445085930445 -138.444470521111 -146.888972334222 -175.333922666 -192.000046938 -180.333578454 -178.888935826889 -173.000213828667 -156.777762131778 -170.555639000889 -188.666817911333 -184.888993195556 -174.777981175778 -189.555550340222 -196.888878458222 -189.777934237778 -190.666807480667 -196.333390702 -201.333390702 -201.333427209333 -201.444590473778 -199.666828342 -199.111241494445 -202.889024487556 -208.555639000889 -215.555586847556 -222.000041722667 -228.333395917333 -234.555633785556 -241.222290021556 -248.444522674444 -252.111241494444 -251.444585258445 -251.777887299778 -249.111220633111 -248.285808161714 -249.500046938 -9999 -9999 -9999 -9999 -9999
-9999 -9999 -9999 -9999 -9999 -9999 -9999 -9999 -42 -44.3333333333333 -54.2857209911429 -64.8571629734286 -79.6667136046667 -94.1111997717778 -88.1112049871112 -81.3334741473334 -67.5558058915557 -61.555764168889 -42.0005945480003 -40.0000990913334 -32.8570221594285 -14.6664945606666 -35.3341625713338 -43.8004787676003 -46.6667605426667 -100.667065639667 -98.7783984024448 -112.000844884 -125.222597726222 -121.000328566 -130.778085482445 -138.555758953556 -153.555680723556 -160.333500224 -179.000057368667 -174.444595689111 -162.777996821778 -162.444715641778 -177.333395917333 -183.777824715778 -184.333390702 -186.555560770889 -181.111178910444 -179.000046938 -178.555680723556 -182.777882084445 -191.222310882889 -199.222336959556 -208.777887299778 -216.666729250667 -217.777861223111 -223.111220633111 -231.000135598667 -232.222342174889 -231.666781404 -230.666755327333 -227.444548751111 -235 -9999 -9999 -9999 -9999 -9999 -9999
-9999 -9999 -9999 -9999 -9999 -9999 -9999 -9999 -9999 -9999 -9999 -9999 -64.3336384303335 -67.2000751008 -57.8334272093334 -49.889045348889 -41.8889462575556 -26.0998497983999 -4.50028162800015 -17.9998357169999 -9999 -9999 -9999 -9999 -9999 -9999 -9999 -20.0005945480003 -55.7143460631429 -23.5560927348892 -67.0005997633337 -86.0007145006671 -111.666911787333 -126.222425620222 -147.889165301556 -143.333291610667 -135.222143992222 -140.666807480667 -156.333531516 -159.000146029333 -158.889060994889 -157.333468932 -161.555696369556 -165.000151244667 -160.555665077556 -165.333411563333 -172.111173695111 -179.000083445333 -188.000114737333 -192.666828342 -192.111251925111 -201.666781404 -211.888977549556 -210.888972334222 -210.333453286 -213.111178910444 -210.111163264444 -204.333348979333 -9999 -9999 -9999 -9999 -9999 -9999
-9999 -9999 -9999 -9999 -9999 -9999 -9999 -9999 -9999 -9999 -9999 -9999 -9999 -9999 -22.2003004032002 -26.1428102048571 -25.9998357169999 -2.33346632433341 5.5 -9999 -9999 -9999 -9999 -9999 -9999 -9999 -9999 -9999 -9999 10.8331064663332 3.07146209857145 -31.0004745953336 -66.1113770931113 -88.8891757322224 -111.000177321333 -121.444585258444 -120.555565986222 -129.111319724445 -113.666984802 -127.889118363556 -137.333453286 -132.222336959556 -142.555633785556 -146.111116326444 -152.555628570222 -151.555675508222 -155.777913376445 -163.222352605556 -168.33343764 -169.777856007778 -173.666734466 -184.444512243778 -194.555639000889 -189.777861223111 -189.111204987111 -197.444522674444 -199.111168479778 -194.777829931111 -189.4000375504 -182.7500117345 -172 -9999 -9999 -9999
-9999 -9999 -9999 -9999 -9999 -9999 -9999 -9999 -9999 -9999 -9999 -2.50028162800015 -5.33334897933334 -22.3330047673332 -12.0001877520001 -9999 -9999 -9999 -9999 -9999 -9999 -9999 -9999 -9999 -9999 -9999 -9999 -9999 -9999 -9999 18.3332863953333 27.83328118 5.37430766449963 -32.3335002240001 -60.8893113308891 -93.6668335573334 -98.6670630320002 -96.3333959173333 -87.999984354 -92.222404758889 -105.111272786445 -111.444501813111 -120.444543535778 -132.000083445333 -129.666807480667 -128.777913376445 -134.222300452222 -142.777866438444 -148.444517459111 -154.555639000889 -164.666697958667 -173.666739681333 -173.333463716667 -175.222300452222 -178.333406348 -183.333421994 -185.444507028444 -183.777819500444 -181.333380271333 -177.777809069778 -169.888941042222 -161 -155.7499882655 -148.5
-9999 -9999 -9999 -9999 -9999 -9999 -9999 -9999 18.000046938 7.00070407000038 -3.49943674399969 7.99992959299996 -9999 -9999 -9999 -9999 -9999 -9999 -9999 -9999 -9999 -9999 -9999 -9999 -9999 -9999 -9999 -9999 -9999 -9999 -9999 40.0001095220001 36.3333333333333 5.44405329444423 -27.1116222137781 -64.3333229026667 -70.6668909260001 -74.444345353111 -64.3335419466668 -75.1111945564445 -76.8888628122222 -77.6668179113334 -87.7779603144445 -104.000130383333 -99.3334793626667 -106.222290021556 -116.888941042222 -126.444475736444 -131.555649431556 -143.111178910444 -153.111168479778 -155.666770973333 -150.666781404 -155.555680723556 -159.666765758 -167.555639000889 -169.888982764889 -170.444538320444 -171.222274375556 -169.333364625333 -163.333343764 -156.222274375556 -152.888920180889 -150.888883673556
-9999 -9999 -9999 -9999 -9999 -9999 -9999 19 18 -9999 -9999 -9999 -9999 -9999 -9999 -9999 -9999 -9999 -9999 -9999 -9999 -9999 -9999 -9999 -9999 -9999 -9999 -9999 -9999 -9999 -9999 36 53.4996479649998 36 12.4280618159997 -31.7776161024444 -70.8886072608887 -85.8888575968889 -57.6666770973333 -65.5555659862222 -80.333249888 -92.110939005111 -84.8888419508888 -87.3333333333333 -90.7777882084444 -97.9999895693333 -106.000067799333 -116.111184125778 -119.111173695111 -123.333385486667 -135.222290021556 -141.777856007778 -134.555654646889 -135.111220633111 -146.333395917333 -152.222326528889 -154.555633785556 -156.555649431556 -159.333385486667 -160.444491382444 -156.000036507333 -149.555597278222 -146.777809069778 -144.666677097333
-9999 21 16.9994367439997 -9999 -9999 -9999 -9999 -9999 -9999 -9999 -9999 -9999 -9999 -9999 -9999 -9999 -9999 -9999 -9999 -9999 -9999 -9999 -9999 -9999 -9999 -9999 -9999 -9999 -9999 -9999 -9999 -9999 -9999 -9999 47.2504928490003 10.9997183719998 -25.3340530493337 -65.8893374075558 -55.4440689404442 -38.3335158700001 -50.3338287900003 -78.7780176831112 -92.4445383204445 -77.2224621275557 -74.0001668906667 -87.4446217657779 -91.222357820889 -95.3335210853334 -100.111298863111 -106.889024487556 -116.555654646889 -125.333479362667 -127.111158049111 -122.333348979333 -135.000109522 -131.333442855333 -132.444580043111 -137.666812696 -142.333442855333 -148.444522674444 -148.222248298889 -140.888930611556 -137.888941042222 -134.111178910444
-9999 -9999 -9999 -9999 -9999 -9999 -9999 -9999 -9999 -9999 -9999 -9999 -9999 -9999 -9999 -9999 -9999 -9999 -9999 -9999 -9999 -9999 -9999 -9999 -9999 -9999 -9999 -9999 -9999 -9999 -9999 -9999 -9999 -9999 59 32.9998873487999 34.62493546025 0.285258316571182 -0.334501568000633 -44.1107095304442 -34.5559467055558 -44.667214276667 -61.8888054435555 -58.333421994 -40.8889931955556 -46.6668544186668 -67.8889201808889 -72.0000208613333 -73.8889253962222 -80.2223317442223 -91.1112727864445 -103.111215417778 -105.222316098222 -109.444574827778 -107.666791834667 -112.222310882889 -112.777824715778 -113.222321313556 -123.444512243778 -133.222290021556 -132.111220633111 -125.000177321333 -125.222389112889 -123.000052153333
-9999 -9999 -9999 -9999 -9999 -9999 -9999 -9999 -9999 -9999 -9999 -9999 -9999 -9999 -9999 -9999 -9999 -9999 -9999 -9999 -9999 -9999 -9999 -9999 -9999 -9999 -9999 -9999 -9999 -9999 -9999 -9999 -9999 -9999 -9999 -9999 64.9986857359993 40.8751232122501 39.6252816280002 -32.778215865778 -16.7779498837779 -11.2222900215556 -17.3336827606669 -31.1113249397779 -36.6666353746666 -23.666750112 -34.6669326486668 -44.3335158700001 -54.5557380922223 -55.222389112889 -63.6668387726668 -73.0001773213334 -79.8890192722223 -86.7779290224445 -92.5556129242222 -92.3334428553334 -95.4445435357778 -99.8889358268889 -103.444580043111 -94.3336253920002 -89.8891027175556 -77.1113510164446 -79.7780020371112 -97.3335367313334
-9999 -9999 -9999 -9999 -9999 -9999 -9999 -9999 -9999 -9999 -9999 -9999 -9999 -9999 -9999 -9999 -9999 -9999 -9999 -9999 -9999 -9999 -9999 -9999 -9999 -9999 -9999 -9999 -9999 -9999 -9999 -9999 -9999 -9999 -9999 -9999 -9999 58.4998513629999 38.2225351422224 -0.444460090444453 25.9995723426664 20.4445539664445 4.88880544355551 -26.3331820886666 -36.2221179155555 -18.0002138286668 -15.3332707493333 -12.6666666666667 -20.1112519251112 -31.3334272093334 -38.8889827648889 -44.4445435357778 -55.7779394531112 -70.7778142851111 -71.8889723342222 -71.0000886606667 -77.4445435357778 -80.0001408140001 -77.4445070284445 -64.7777047631111 -61.7776995477777 -55.6666458053333 -40.5557068002223 -50.4446530577779
-9999 -9999 -9999 -9999 -9999 -9999 -9999 -9999 -9999 -9999 -9999 -9999 -9999 -9999 -9999 -9999 -9999 -9999 -9999 -9999 -9999 -9999 -9999 -9999 -9999 -9999 -9999 -9999 -9999 -9999 -9999 -9999 -9999 -9999 -9999 -9999 -9999 63.3333176873333 40.666578006 33.6662337939998 14.667245568667 -13.8887845822222 -26.1100941211106 -48.6661242719997 -44.5555451248889 -34.0000104306667 -43.9993585139997 -6.33322902666661 -17.5554460335555 -15.8889410422222 -22.1112258484445 -31.7778455771111 -35.6668492033334 -47.8890505642223 -52.8890088415556 -53.8889306115556 -56.8889827648889 -56.5556598622223 -57.8890088415556 -62.1112310637778 -57.1112362791112 -35.4446269811112 -14.6668283420001 -24.2221752842222
-9999 -9999 -9999 -9999 -9999 -9999 -9999 -9999 -9999 -9999 -9999 -9999 -9999 -9999 -9999 -9999 -9999 -9999 -9999 -9999 -9999 -9999 -9999 -9999 -9999 -9999 -9999 -9999 -9999 -9999 -9999 -9999 -9999 -9999 -9999 -9999 -9999 72.9999798837143 18.0004015806669 4.66691178733347 -5.55543560288882 -1.99984875533325 -1.0002451206668 -53.000062584 -44.8888419508889 -31.1112936477779 -73.2217632728886 -28.3326031866663 -23.0001043066667 -10.2222900215556 -11.1111319724445 -7.22229523688893 -11.2222952368889 -18.7779081611112 -26.6668126960001 -41.7779238071112 -45.7778507924445 -44.3334376400001 -42.6667605426667 -36.4444913824445 -28.0001408140001 -9.55564421622227 2.55549297155552 -11.0001408140001
-9999 -9999 -9999 -9999 -9999 -9999 -9999 -9999 -9999 -9999 -9999 -9999 -9999 -9999 -9999 -9999 -9999 -9999 -9999 -9999 -9999 -9999 -9999 -9999 -9999 -9999 -9999 -9999 -9999 -9999 -9999 -9999 -9999 -9999 -9999 -9999 -9999 52.3752405572501 19.8887845822222 12.8886854908888 11.8888315202222 13.5555659862222 3.66670317400002 3.11119455644449 -0.11126235577786 -17.111481399778 -55.0001355986667 -38.4444653057778 -19.3331507966666 -9.5553886648888 3.11101201977772 -3.44452267444449 -4.44441836777776 -4.8889045348889 -9.33338548666669 -14.889045348889 -24.222342174889 -24.555670292889 -23.1111997717778 -14.6668648493334 -11.3334272093334 6.22218571488887 12.6666979586667 2.99996349266665
