data/raster/future/ascii/bio12.asc
NCOLS 240 
NROWS 94 
XLLCORNER -180 
YLLCORNER -57.499992177 
CELLSIZE 1.5 
NODATA_value -9999 
[rows 0 to 27 of 94, columns 0 to 62 of 240]
-9999 -9999 -9999 -9999 -9999 -9999 -9999 -9999 -9999 -9999 -9999 -9999 -9999 -9999 -9999 -9999 -9999 -9999 -9999 -9999 -9999 -9999 -9999 -9999 -9999 -9999 -9999 -9999 -9999 -9999 -9999 -9999 -9999 -9999 -9999 -9999 -9999 -9999 -9999 -9999 -9999 -9999 -9999 -9999 -9999 -9999 -9999 -9999 -9999 -9999 -9999 -9999 -9999 -9999 -9999 -9999 -9999 -9999 -9999 -9999 -9999 -9999 72.000046938
-9999 -9999 -9999 -9999 -9999 -9999 -9999 -9999 -9999 -9999 -9999 -9999 -9999 -9999 -9999 -9999 -9999 -9999 -9999 -9999 -9999 -9999 -9999 -9999 -9999 -9999 -9999 -9999 -9999 -9999 -9999 -9999 -9999 -9999 -9999 -9999 -9999 -9999 -9999 -9999 -9999 -9999 -9999 -9999 -9999 -9999 -9999 -9999 -9999 -9999 -9999 -9999 -9999 -9999 -9999 -9999 100.000516318 103.166596259667 110.599483682 89.1997559223999 103.499593204 106.111679582445 101.445195452445
-9999 -9999 -9999 -9999 -9999 -9999 -9999 -9999 -9999 -9999 -9999 -9999 -9999 -9999 -9999 -9999 -9999 -9999 -9999 -9999 -9999 -9999 -9999 -9999 -9999 -9999 -9999 -9999 -9999 -9999 -9999 -9999 -9999 -9999 -9999 -9999 -9999 -9999 -9999 -9999 -9999 -9999 -9999 -9999 -9999 -9999 -9999 -9999 -9999 90 103.666666666667 114 -9999 108 104.999812248 -9999 113.250281628 130.25048698175 156.000891822 160.888362140222 143.3752933625 119.123920425999 101.428088637714
-9999 -9999 -9999 -9999 -9999 -9999 -9999 -9999 -9999 -9999 -9999 -9999 -9999 -9999 -9999 -9999 -9999 -9999 -9999 -9999 -9999 -9999 -9999 -9999 -9999 -9999 -9999 -9999 -9999 -9999 -9999 -9999 -9999 -9999 -9999 -9999 -9999 -9999 -9999 -9999 -9999 -9999 -9999 82.000023469 78.6666197286666 75.8332629263333 71.6000187752 -9999 -9999 76 115.000093876 120.000026821714 115.00012321225 112.500039115 109.000172106 112.333364625333 113.5999155116 115.75 120.8004975428 140.501556777001 149.500531964 126.166494560667 111.24997066375
-9999 -9999 -9999 -9999 -9999 -9999 -9999 -9999 -9999 -9999 -9999 -9999 -9999 -9999 -9999 -9999 -9999 -9999 -9999 -9999 -9999 -9999 -9999 -9999 -9999 -9999 -9999 -9999 -9999 -9999 -9999 -9999 -9999 -9999 -9999 -9999 -9999 -9999 90.999976531 99.3999248991999 107.374953062 101.75 95.4165884366666 90.2499647965 84.5 76.5 72 69.1999718372 -9999 74.000046938 81.000031292 101.500046938 109.000125168 117.2498239825 122.999968708 127.500117345 136.7998779612 130.499898301 128.333693191334 123.333176873333 123.166298985666 129.166760542667 151.7501994865
-9999 -9999 -9999 -9999 -9999 -9999 -9999 -9999 -9999 -9999 -9999 -9999 -9999 -9999 -9999 -9999 -9999 -9999 -9999 -9999 -9999 -9999 -9999 -9999 -9999 -9999 -9999 -9999 -9999 -9999 -9999 -9999 -9999 -9999 -9999 -9999 -9999 -9999 -9999 107 115.5 115.99992177 116.333395917333 114.000164283 99.8888575968889 84.87504107075 75.1428370265714 69.8333489793333 66.9998748319999 61.0000586725 70.9999061239999 99 107.000109522 114.166635374667 122.000046938 -9999 142.333184696333 144.5001056105 136.4999882655 138.555539909556 140.62457169075 141.166862241667 160.499820071
-9999 -9999 -9999 -9999 -9999 -9999 -9999 -9999 -9999 -9999 -9999 -9999 -9999 -9999 -9999 -9999 -9999 -9999 -9999 -9999 -9999 -9999 -9999 -9999 -9999 -9999 -9999 -9999 -9999 -9999 -9999 -9999 -9999 -9999 -9999 -9999 -9999 110.87488852225 118.555451248889 125.222190930222 130.285519828286 128.25001760175 123.7998779612 104 93 -9999 -9999 -9999 69 74.0001760175001 78 -9999 100 109.50007823 121.499937416 124.5 156.5001525485 162.833317687333 164.666463268667 151.7498239825 160 155.500140814 158.4000563256
-9999 -9999 -9999 -9999 -9999 -9999 -9999 -9999 -9999 -9999 -9999 -9999 -9999 -9999 -9999 -9999 -9999 -9999 -9999 -9999 -9999 -9999 -9999 -9999 -9999 -9999 -9999 -9999 -9999 -9999 -9999 -9999 -9999 -9999 -9999 -9999 125.4998239825 134.222044900889 140.444324491778 142.12492372575 140.200328566 146.1250586725 139.333197734667 127.444287984444 113.7498943895 104.87482984975 98.6247887789999 87.1665962596666 86.87493546025 93.8746773012498 96 93 97.499953062 108.99999413275 120.111100680444 131.666721427667 156.250187752 153.357055686571 158.499929593 -9999 161.62471250475 164.111204987111 157.60023469
179.4996362305 190.499694903 -9999 -9999 -9999 -9999 -9999 -9999 -9999 -9999 -9999 -9999 161.666666666667 156.5999155116 153.833231634333 146.99981811525 156.499741841 152.333153404333 147.499882655 160.333114289333 166.999859186 166 -9999 -9999 -9999 -9999 -9999 -9999 -9999 -9999 -9999 -9999 -9999 -9999 127 137 -9999 161.999624496 159.499976531 151 -9999 160.333677545334 164.666799657667 148.666734466 122.444590473778 115.333328118 111.333275964667 107.777631748444 112.555336511555 116.777631748444 115.642743150571 116.333176873333 113 -9999 119 151.666619728667 165.666661451333 181.888591614889 179.000187752 -9999 168.7499647965 173.2499178585 193.99975944275
337.5 -9999 -9999 -9999 -9999 -9999 -9999 -9999 -9999 235 224.333239457333 201.3748005135 200.888560322889 203.332931752666 203.666390254 210.332900460666 216.555107036889 210.999514974 195.110667807778 206.555101821555 214.666244224666 202.888539461555 175.888648983555 162.555383449555 164.777569164444 171.99985331875 193.666361569666 222.799718372 258.666416330667 219.3998216356 205.499624496 190.832856130333 164.666358962 152.888654198889 156.221987532222 175.37475944275 191.571281052 201.499827894 202.333156012 211.499788779 214.3998685736 197.666275516666 186.62502933625 178.624859186 139.8749882655 133.111001589111 128.666604082667 124.49997066375 133.857169678857 148.24985331875 141.99990025675 126.124976531 119.8749647965 130 140.1999342868 149.499886007714 157.500093876 165.428638482857 187.571395044286 203.499788779 205.666541498667 201.999577558 -9999
393.221909302222 401.99968903575 392.666267693666 383.49976531 -9999 -9999 -9999 -9999 -9999 247.999874832 248.999745193714 239.110933789778 249.221721550222 254.444095017111 260.777600456444 282.777563949111 324.888236972222 328.221643320222 312.665910443333 302.332926537333 291.777490934444 259.555268712222 202.555446033555 175.333255103333 185.444267123111 210.110886851778 245.333093428 279.555253066222 302.666270301333 300.666056472666 305.554929715555 278.888398647555 243.555127898222 229.332921322 227.110699099778 230.888523815555 232.888607260889 231.999791386666 229.110980727778 229.444371429778 232.444507028444 225.666385038666 235.777480503778 235.4998239825 213.333036059333 177.599577558 172.999780956 160.1998873488 161.49991199125 170.777683901778 166.857048981143 157.7997559224 151.1998873488 153.999882655 156.428397087428 164.49990025675 188.59976531 195.99976531 213.888737644222 222.666661451333 229.999848755333 210.1000375504 204.1247770445
424.142374352 464.333036059333 477.999322006666 470.99954822175 415.443839465777 350.749460213 346.999859186 -9999 401.999647965 363.9996432712 337.832817015333 330.2492841955 300.12472423925 293.777600456444 306.555138328889 329.999624496 376.777652609778 425.666244224666 370.444235831111 355.444256692444 321.444402721778 295.222091838889 251.110845129111 212.222097054222 219.222117915555 252.110897282444 292.888654198889 342.777569164444 368.333041274666 372.110970297111 371.777730839778 340.777626533111 316.888565538222 307.555148759555 303.666233794 292.444053294444 281.333072566666 264.888706352222 252.333119504667 238.555466894889 234.222107484889 237.444679134445 258.777965529778 258.555461679555 238.333119504667 231.888508169555 223.666504991333 213.999509758666 203.49980638075 205.555430387555 201.333135150667 187.999817463333 183.333129935333 186.444246261778 192.777590025778 202.666437192 218.444214969778 234.110834698444 233.222159638222 240.333234242 240.944434013778 226.999812248 206.714258892571
428.999671434 -9999 539.999389806 583.499366337 587.570684268857 486.333082997333 -9999 -9999 424 414.833223811333 400.666040826666 409.499421098 370.142736445143 354.111006804444 358.777417919778 374.999827894 407.777772562444 409.555821537556 367.999963492667 410.555049668222 354.443969849111 343.333098643333 321.444162816444 281.332587540666 234.33335941 265.222509065556 312.000062584 379.777923807111 388.444533105111 360.555774599556 366.888987980222 367.666604082667 376.888628122222 398.444058509778 404.999478466666 371.221711119555 335.444147170444 305.444157601111 278.888659414222 266.555404310889 265.888565538222 248.888821089556 253.222232652889 260.333448070667 259.999900908667 257.888795012889 259.888789797555 249.333213380667 240.666499776 240.888648983555 233.444350568444 221.999895693333 217.444199323778 218.777621317778 230.777553518444 242.222070977555 247.777730839778 247.333229026667 248.777709978444 245.777741270444 246.888941042222 220.000160930286 232.9998239825
-9999 -9999 -9999 -9999 -9999 466 464.499460213 471.5 -9999 -9999 509.2496362305 443.7498709205 399.571321284571 402.221878010222 425.110699099778 459.443938557111 445.221940594222 406.888721998222 425.999379375333 570.665394125333 535.110073259777 367.333103858667 294.778116774445 308.000026076667 315.221439922222 293.110480055777 320.999786171333 323.333839220667 311.111867334445 318.444731287778 364.111215417778 366.666666666667 387.666802265333 470.110772114444 514.999436744 475.110944220444 410.221512936888 345.666400684666 314.222097054222 292.110912928444 279.110860775111 261.777736055111 253.333260318667 256.888852381555 265.444548751111 278.222368251556 271.777647394444 266.444407937111 272.999853970667 279.666494560667 277.666473699333 274.110746037778 270.221930163555 276.555237420222 277.888695921555 288.555336511555 289.888680275555 281.999702726 270.333182088667 257.499749664 -9999 -9999 244.999874832
-9999 -9999 -9999 -9999 -9999 -9999 -9999 -9999 -9999 662.3996620464 575.110620869778 459.444345353111 418.999916554667 469.777365766444 514.555174836222 546.888466446889 538.443896834444 532.887261704888 585.332681416666 627.222957584223 588.555576416889 557.443458746444 548.773141346442 569.996844723331 717.553490283554 666.774252212442 532.44321884111 322.665628815333 263.333093428 276.111189341111 308.778560077778 332.333354194667 402.333296826 520.666578006 587.221862364222 526.333249888 465.444063725111 400.221914517555 356.444308845778 331.888612476222 307.666317239333 274.555393880222 284.999838324667 281.888685490889 281.888737644222 295.444287984444 300.110881636444 307.332931752666 318.221825856889 332.221898871555 340.444089801778 332.999650572666 316.6664059 324.444340137778 337.333088212666 342.777464857778 336.221930163555 322.856948399714 299.999859186 -9999 -9999 -9999 -9999
-9999 -9999 -9999 -9999 -9999 -9999 -9999 -9999 722 744 676.571140238 578.570389229999 558.665279387999 591.888122234888 590.221721550222 600.110959866444 644.443625637111 709.776020210443 804.330900380332 723.664611825332 1113.57183089714 1394.000328566 1520.32454028133 1686.1943768276 1814.16150348666 1485.65998582466 1718.21435228422 1087.32493143133 651.662656075331 493.885540644887 302.444042863778 365.443985495111 497.999634926666 558.555086175555 500.555998858889 498.666948294667 481.444387075778 448.444428798444 414.555284358222 386.444058509778 365.221758057555 359.110208858444 350.332832661333 349.110600008444 338.888581184222 342.555289573555 349.999697510666 355.222065762222 376.333176873333 403.444068940444 419.110631300444 410.332879599333 387.332983906 389.444063725111 406.999624496 406.888544676889 394.833056920666 361 -9999 -9999 -9999 -9999 -9999
-9999 -9999 -9999 -9999 -9999 -9999 -9999 -9999 -9999 -9999 -9999 -9999 828.498998655999 671.1995869456 623.333255103333 593.111111111111 848.665873935999 1115.2992208292 1302.495845987 1001.497254127 -9999 -9999 -9999 -9999 -9999 -9999 -9999 2638.32203692133 1656.42710964514 1420.10628692778 1022.54890079022 735.106448603108 497.333792282667 541.111460538445 499.000239905333 489.222060546889 505.333088212667 479.999937416 454.111012019778 425.222008393555 417.999880047333 418.444011571778 420.555430387555 424.777725624444 394.222003178222 396.666364177333 397.999624496 397.777475288444 421.110944220444 446.777668255778 504.332910891333 495.888482092889 457.888643768222 463.888336063555 478.221836287555 476.110735607111 454.777480503778 453.499929593 -9999 -9999 -9999 -9999 -9999
-9999 -9999 -9999 -9999 -9999 -9999 -9999 -9999 -9999 -9999 -9999 -9999 -9999 -9999 551.0005538684 648.642347530285 870.999389806 1397.83300476733 1667 -9999 -9999 -9999 -9999 -9999 -9999 -9999 -9999 -9999 -9999 2219.493749423 2498.63937702543 1647.10408605711 939.549860411553 621.442629508443 526.777235383111 487.66671882 493.444314061111 540.999895693333 523.110886851778 469.888742859555 473.333015198 446.444324491778 459.999817463333 462.443922911111 477.888716782889 459.555346942222 458.777626533111 449.111189341111 466.666499776 497.333176873333 536.555628570222 523.444449659778 497.666473699333 507.222128346222 536.222024039555 515.555513832889 497.777668255778 480.333150796667 478.199718372 486.2497066375 479.333192519333 -9999 -9999
-9999 -9999 -9999 -9999 -9999 -9999 -9999 -9999 -9999 -9999 -9999 958.500211221 862.500015646 716.165524508666 588.999155116 -9999 -9999 -9999 -9999 -9999 -9999 -9999 -9999 -9999 -9999 -9999 -9999 -9999 -9999 -9999 3651.498310232 2745.22160681289 2419.36146425424 1331.32978690666 684.109708186444 521.110975512444 513.666645805333 590.777464857777 650.887423380221 532.777365766444 480.444251477111 469.555122682889 501.443693436444 519.999697510666 494.333275964666 490.444517459111 472.888883673555 448.333348979333 453.555623354889 487.889045348889 514.222321313556 519.111272786444 506.333495008667 496.555612924222 511.333641038 496.666922218 489.111199771778 496.777683901778 509.999827894 524.221940594222 524.888612476222 524.24955995625 538.999718372
-9999 -9999 -9999 -9999 -9999 -9999 -9999 -9999 941.999483682 963.998685735999 973.999061239999 947.999976531 -9999 -9999 -9999 -9999 -9999 -9999 -9999 -9999 -9999 -9999 -9999 -9999 -9999 -9999 -9999 -9999 -9999 -9999 -9999 2001.33430338533 2279.16666666667 2075.993319158 1395.76957927377 596.998915210666 480.666645805333 544.222681171556 772.889034918222 803.887334719555 625.776473944444 584.555242635555 586.444715641778 535.110928574444 481.778069836445 459.333698406667 446.444653057778 438.555539909556 423.00031292 452.555852829556 475.444679134444 456.111413600445 459.222472558222 469.000182536667 459.333479362667 459.889123578889 487.777772562444 521.222117915555 547.888648983555 567.221883225555 577.332978690666 583.221930163555 585.777490934444
-9999 -9999 -9999 -9999 -9999 -9999 -9999 984 959 -9999 -9999 -9999 -9999 -9999 -9999 -9999 -9999 -9999 -9999 -9999 -9999 -9999 -9999 -9999 -9999 -9999 -9999 -9999 -9999 -9999 -9999 2375.98155336599 2652.48577778599 2878 2632.69665714256 1240.77429915044 519.776766003111 421.556197041556 608.779269363112 932.110928574444 781.444387075778 647.10996895311 598.888648983555 534.333249888 458.111272786444 425.444632196445 403.000385934667 380.444835594445 371.444825163778 380.222561218889 423.777996821778 456.555691154222 447.666697958667 453.000052153333 431.555706800222 430.777788208444 499.888763720889 550.777668255778 596.999671434 633.221831072222 640.888560322889 646.444053294444 650.332973475333
-9999 1607 1650.999671434 -9999 -9999 -9999 -9999 -9999 -9999 -9999 -9999 -9999 -9999 -9999 -9999 -9999 -9999 -9999 -9999 -9999 -9999 -9999 -9999 -9999 -9999 -9999 -9999 -9999 -9999 -9999 -9999 -9999 -9999 -9999 2504.007909053 1641.88808572755 912.106427741775 529.442493909777 429.220735852221 487.002153932668 727.112216761778 915.444757364445 717.888586399555 553.444434013778 404.889055779556 345.333708837334 333.222321313556 334.333369840667 334.111382308445 348.888857596889 395.333328118 420.111278001778 457.444360999111 467.333093428 445.999911339333 496.333030844 514.999989569333 574.777668255778 642.888690706222 693.333208165333 695.888633337555 705.221815426222 723.221851933555
-9999 -9999 -9999 -9999 -9999 -9999 -9999 -9999 -9999 -9999 -9999 -9999 -9999 -9999 -9999 -9999 -9999 -9999 -9999 -9999 -9999 -9999 -9999 -9999 -9999 -9999 -9999 -9999 -9999 -9999 -9999 -9999 -9999 -9999 2555 2246.3948274324 2007.36869270625 1233.56807585714 1270.98850018999 531.886714094888 427.889916309556 783.334720612001 773.44342223911 683.555352157555 427.444152385778 342.333369840667 332.444454875111 364.555185266889 340.666661451333 347.000271197333 369.555821537556 411.444527889778 429.555691154222 445.555878906222 461.666619728667 485.888909750222 522.333192519333 609.888711567555 685.333182088666 729.888857596889 723.777496149778 775.444173247111 796.777631748444
-9999 -9999 -9999 -9999 -9999 -9999 -9999 -9999 -9999 -9999 -9999 -9999 -9999 -9999 -9999 -9999 -9999 -9999 -9999 -9999 -9999 -9999 -9999 -9999 -9999 -9999 -9999 -9999 -9999 -9999 -9999 -9999 -9999 -9999 -9999 -9999 2409.00093876 2221.61639274425 1445.746174553 1148.10907713111 332.556103165556 549.556739436223 856.555607708889 645.001736706001 590.221716334888 311.222034470222 328.777125861111 348.110834698444 300.444360999111 317.33312472 352.222086623555 405.333056920666 433.888617691555 437.444580043111 464.999812248 496.110813837111 560.110579147111 641.555362588222 676.999942631333 700.222243083555 748.221778918889 789.555477325555 840.555101821555
-9999 -9999 -9999 -9999 -9999 -9999 -9999 -9999 -9999 -9999 -9999 -9999 -9999 -9999 -9999 -9999 -9999 -9999 -9999 -9999 -9999 -9999 -9999 -9999 -9999 -9999 -9999 -9999 -9999 -9999 -9999 -9999 -9999 -9999 -9999 -9999 -9999 2460.67130570567 2019.21449309822 882.225685203557 216.111971641112 464.887329504221 780.00086053 544.111512691778 463.556786374223 393.001528092667 458.554893208222 412.776353991777 336.666557144667 329.555639000889 363.555492971555 426.000046938 442.222336959556 460.777725624444 508.555425172222 546.666531068 658.666306808666 693.999775740666 718.444580043111 789.777209306444 818.110553070444 820.444261907778 828.444866886445
-9999 -9999 -9999 -9999 -9999 -9999 -9999 -9999 -9999 -9999 -9999 -9999 -9999 -9999 -9999 -9999 -9999 -9999 -9999 -9999 -9999 -9999 -9999 -9999 -9999 -9999 -9999 -9999 -9999 -9999 -9999 -9999 -9999 -9999 -9999 -9999 -9999 2218.502636351 1970.336504256 401.226676116891 437.441988022443 592.222086623555 643.997585300665 512.110819052444 326.000667562667 435.111543983778 584.887272135555 350.999807032667 428.555091390889 386.444653057778 411.999410667333 433.888961903556 450.555769384222 482.000031292 522.888956688222 581.444084586444 627.333432424667 721.999906124 775.777532657111 805.666661451333 796.444580043111 770.222425620222 790.777678686444
-9999 -9999 -9999 -9999 -9999 -9999 -9999 -9999 -9999 -9999 -9999 -9999 -9999 -9999 -9999 -9999 -9999 -9999 -9999 -9999 -9999 -9999 -9999 -9999 -9999 -9999 -9999 -9999 -9999 -9999 -9999 -9999 -9999 -9999 -9999 -9999 -9999 1671.28950285286 1516.55352157555 427.885378969554 339.556463023556 336.221382553555 434.779300655112 466.333510654667 324.665321110666 380.778523570445 593.331414090666 340.552316833554 336.223713807556 367.888930611556 447.445451003778 451.555456464222 478.666489345333 537.999426313333 580.999587988666 628.333291610667 686.777490934444 752.888622906889 796.777590025778 797.999661003333 782.222383897555 774.333056920666 832.333182088666
-9999 -9999 -9999 -9999 -9999 -9999 -9999 -9999 -9999 -9999 -9999 -9999 -9999 -9999 -9999 -9999 -9999 -9999 -9999 -9999 -9999 -9999 -9999 -9999 -9999 -9999 -9999 -9999 -9999 -9999 -9999 -9999 -9999 -9999 -9999 -9999 -9999 1532.87736450175 765.336300858001 432.667714948667 299.667010878667 284.555430387555 330.33351587 313.110902497778 319.333719268 405.223046244889 293.89010927689 265.667240353334 285.776870309777 370.888289125555 397.221846718222 455.777887299778 518.999838324667 596.777689117111 611.888622906889 695.888268264222 770.332843092 814.110699099778 852.110704315111 853.444496597778 863.666119056666 864.999421097999 906.999316791333
