data/raster/bioclim/current/ascii/bio3.asc
NCOLS 240 
NROWS 94 
XLLCORNER -180 
YLLCORNER -57.499992177 
CELLSIZE 1.5 
NODATA_value -9999 
[rows 0 to 27 of 94, columns 0 to 61 of 240]
-9999 -9999 -9999 -9999 -9999 -9999 -9999 -9999 -9999 -9999 -9999 -9999 -9999 -9999 -9999 -9999 -9999 -9999 -9999 -9999 -9999 -9999 -9999 -9999 -9999 -9999 -9999 -9999 -9999 -9999 -9999 -9999 -9999 -9999 -9999 -9999 -9999 -9999 -9999 -9999 -9999 -9999 -9999 -9999 -9999 -9999 -9999 -9999 -9999 -9999 -9999 -9999 -9999 -9999 -9999 -9999 -9999 -9999 -9999 -9999 -9999 -9999
-9999 -9999 -9999 -9999 -9999 -9999 -9999 -9999 -9999 -9999 -9999 -9999 -9999 -9999 -9999 -9999 -9999 -9999 -9999 -9999 -9999 -9999 -9999 -9999 -9999 -9999 -9999 -9999 -9999 -9999 -9999 -9999 -9999 -9999 -9999 -9999 -9999 -9999 -9999 -9999 -9999 -9999 -9999 -9999 -9999 -9999 -9999 -9999 -9999 -9999 -9999 -9999 -9999 -9999 -9999 -9999 12.9999990351891 12.6666621945785 12.1428618701304 12.3333291350409 11.99999929593 11.3333362365012
-9999 -9999 -9999 -9999 -9999 -9999 -9999 -9999 -9999 -9999 -9999 -9999 -9999 -9999 -9999 -9999 -9999 -9999 -9999 -9999 -9999 -9999 -9999 -9999 -9999 -9999 -9999 -9999 -9999 -9999 -9999 -9999 -9999 -9999 -9999 -9999 -9999 -9999 -9999 -9999 -9999 -9999 -9999 -9999 -9999 -9999 -9999 -9999 -9999 13 14 14 -9999 13.9999989308837 13.9999745756037 13.5000146287876 12.9999991785957 12.777769963554 11.4444361347566 10.777778759999 11.1250074806325 11.7500008409603
-9999 -9999 -9999 -9999 -9999 -9999 -9999 -9999 -9999 -9999 -9999 -9999 -9999 -9999 -9999 -9999 -9999 -9999 -9999 -9999 -9999 -9999 -9999 -9999 -9999 -9999 -9999 -9999 -9999 -9999 -9999 -9999 -9999 -9999 -9999 -9999 -9999 -9999 -9999 -9999 -9999 -9999 11 12 12 12 12 12 -9999 13.4999883047402 13.9999993871984 14 14 14 14 14 14 13.8333327466084 12.8333321598992 12.1666590001934 12.1666648543388 12.6249972473285
-9999 -9999 -9999 -9999 -9999 -9999 -9999 -9999 -9999 -9999 -9999 -9999 -9999 -9999 -9999 -9999 -9999 -9999 -9999 -9999 -9999 -9999 -9999 -9999 -9999 -9999 -9999 -9999 -9999 -9999 -9999 -9999 -9999 -9999 -9999 -9999 -9999 -9999 11 11.0000031161149 11.124997066411 11.8749959516245 11.8750019752611 12 12 12 12.3333318991167 12.5999919111324 -9999 13 13.9999905186648 14 14 14 14.2499935656514 14.499998924365 14.2222212660778 14.1249960885507 13.9999999999703 13.7499970468559 13.4285731831429 13.0000082922914
-9999 -9999 -9999 -9999 -9999 -9999 -9999 -9999 -9999 -9999 -9999 -9999 -9999 -9999 -9999 -9999 -9999 -9999 -9999 -9999 -9999 -9999 -9999 -9999 -9999 -9999 -9999 -9999 -9999 -9999 -9999 -9999 -9999 -9999 -9999 -9999 -9999 -9999 11 11.6666666666667 11.666674541723 11.6666666666954 11.4999974184613 11.3750005378312 11.9999994871702 12.2222179717653 12.5714247940703 12.5555599972282 12.7500005964898 12.7999999999794 13.5000011538651 14 14 14.25 14.5714236206432 15 15 14.8333378054342 14 13.8888925221899 13.8888894017293 13.9999992046848
-9999 -9999 -9999 -9999 -9999 -9999 -9999 -9999 -9999 -9999 -9999 -9999 -9999 -9999 -9999 -9999 -9999 -9999 -9999 -9999 -9999 -9999 -9999 -9999 -9999 -9999 -9999 -9999 -9999 -9999 -9999 -9999 -9999 -9999 -9999 -9999 12.3333333333333 12.2222210574645 12.3333327509545 12.3333306735465 12.2222258642186 12.111113258067 12.6666708388466 13 12 12.5 -9999 13 13 13 13 -9999 14 14.2857228909001 14.8571457851406 15 14.6000053039372 14.1428571428964 14 14 14.0000052414098 14.2499963721226
-9999 -9999 -9999 -9999 -9999 -9999 -9999 -9999 -9999 -9999 -9999 -9999 -9999 -9999 -9999 -9999 -9999 -9999 -9999 -9999 -9999 -9999 -9999 -9999 -9999 -9999 -9999 -9999 -9999 -9999 -9999 -9999 -9999 -9999 -9999 -9999 13 13 13.1111111110995 13.3333333333217 13.0000022947114 13 13.1111082427145 13.4444409415158 13 13 12.9999992861512 12.8571468132942 13 12.9999999999858 13.0000000001345 14 14.1666616078606 14.9999993252494 15 15 14.8571428571224 14.8571405214187 14.3333315340434 -9999 14.2499999413675 14.4444450789593
16.9999998956951 16.6666685702641 -9999 -9999 -9999 -9999 -9999 -9999 -9999 -9999 -9999 15.0000055542706 15.6666687267108 15.9999975592239 16 15.9999999999946 16.7142837473785 17 17 18.3333281702059 19 19 18.5 -9999 -9999 -9999 -9999 -9999 -9999 -9999 -9999 -9999 -9999 14 14 14.999999999898 14 13.0000177579156 14 14 -9999 13.9999948994458 14.625001760133 14.444446043789 14.2222209184025 13.555557911108 13.4444430884579 13 13 13 13.3750007724849 14 14.5 15 15 15 14.333336297366 13.7777771085304 14.0000000000341 14 14.7999988578754 14.88888955819
17 -9999 -9999 -9999 -9999 -9999 -9999 -9999 -9999 16 16 16 16.1111103722723 16.3333325771152 16.8888867245434 17.5555532868995 18.0000008605096 18.3333326292693 18.2222224829725 19.3333288221094 20.777775283121 20.7777789164393 19.4444453310264 18.222221283457 17.5555545037525 18.1111083382973 18.6666635114254 18.0000021252115 17.3333377923659 16.1666666666667 15.7142838591304 15.1428543377664 15.1111111111003 15.5555506010493 15.5555541126467 15.375 14.8749983571841 14.8571428571429 15.2222222396067 15.9999990500821 15.8333322250751 16.9999951693492 17.0000050262077 16.1111103896713 14.6250025913242 14.44444372299 14.2222207445445 13.9999992959458 13.8888867593268 13.5555548341347 13.888885533753 14 14.5714241459058 15.3333249106602 15.7499968219607 15.9999981447841 14.9999992079643 14.6666689265742 14.5555465853467 14.2857143527932 14.5000053978415 15
17 17 17.1666655323308 17.4999956191349 -9999 -9999 -9999 -9999 -9999 16.6666651803126 16.999998055421 16.7777791511339 17.000000495434 17.5555525828408 17.8888881326736 18.6666659104434 19.5555563465295 20.666665893053 20.7777779689963 21.1111073213488 22.7777778125387 22.8888873764423 20.3333380096988 19.555554008357 19.6666638591012 19.5555576764246 18.8888902535337 19.1111038271002 18.3333340634538 17.1111110850397 17.333331003834 17.5555588411465 17.3333302736834 17.1111097464138 16.9999940632765 17.1111079645408 16.5555547819478 16.000001938331 16 16 15.8888888888889 16.5555586673259 17.4444422453663 16.4444497900807 15.8888850556761 15.2222277416998 15 14.7777777777778 14.3333333333153 14 14 14.8333321468736 15 15.6249896542286 16 16 15.7142867312751 15 14.6666728206719 14.4444343616523 14.2222222222221 14.9999948815954
17 17.3333342720898 17.8888871069861 18 18.1111092075173 17.8749981420403 17.2499995892768 -9999 17.9999960885254 19.333330086802 19.4999962319282 18.3999985449221 18.3333333333333 18.5555555381713 18.7777784644309 19.2222189018235 20.3333341764723 22.1111085295399 22.3333341764791 21.7777751266681 22.8888878197645 21.5555602406393 20.3333356628328 20.4444428103066 21.2222197623235 21.3333325249567 20.8888880457434 21.1111102679548 20.333336123467 19.1111103027345 19.1111103027345 19.5555506358171 19.2222197623487 18.6666667622492 18.5555528957688 18.8888899319353 17.5555566160007 16.8888872547801 16.6666650151445 16.5555568071829 16.0000008431455 16 16.2222214312463 16.1111103027345 15.8888920354312 15.8888904360624 15.8888880804946 15.2222246994602 15 14.8888906620365 14.9999973836882 15 15.000002755384 15.5555527479569 16 16 15.6666666666667 15 15 14.7777699375049 14.6666666840046 15.333325232275
17 17.6666668492014 18 18.6666651020741 19.1111074169225 18.9999980638123 -9999 -9999 18.5 21.1428531419586 20.8571406220059 20.1250003813515 20.2499948368557 19.9999989656072 19.4444443053549 19.5555530087457 20.7777760741203 21.4444435317779 21.2222231175133 22.6666656496879 23.0000001912089 21.4444462436692 21.4444444444349 23.3333269880614 23.666660634302 23.1111133188999 22.1111124757648 21.777778994693 21.9999991394814 21.6666631897901 21.8888853598475 21.9999991047145 21.9999938980921 21.2222204837779 20.7777786817495 20.5555574069649 18.1111159439105 17.1111130668244 17 17.1111122758303 16.7777756482396 16.7777747355403 16.9999982789744 16.5555578067996 16.2222221874354 16.333328274543 16.3333308908454 15.8888888888889 15.5555546776413 15.2222222048381 15.2222248385319 15.5555511312642 15.7777768998637 15.9999991394915 16 16 16 15.6666658061367 15.1111120063609 15.2222173285594 15.4444412718417 16.1249999804136
-9999 -9999 -9999 -9999 -9999 20.6666675793402 20.4999979073476 20.0000016819129 -9999 -9999 22.0000017054058 21.9999983258874 21.8571420189592 21.333332177254 20.8888877154253 21.1111092509756 22.2222176936006 23.1111092335836 22.6666638416766 23.777773075303 24.4444433057753 24.9999992611499 24.7777728666948 25.444439855021 25.3333324206501 23.3333314384511 22.4444435143884 21.6666638242987 22.4444420280351 22.9999966187547 24.1111076255476 24.2222203794712 24.1111092509756 23.5555537128045 22.3333387310849 21.0000018514392 19.333338061794 18.2222223004315 18.2222183542049 18.3333333333333 18.1111150486477 18.3333323858812 18.0000035028991 17.2222212921733 17 16.8888921918881 16.6666700044142 16.1111126408946 16.2222228393218 16.2222229088582 16.1111127973516 16 16 16 16.1111101462748 16 16 16 16 15.9999960326971 16 17
-9999 -9999 -9999 -9999 -9999 -9999 -9999 -9999 -9999 22.9999990769039 22.6666681269502 22.1111106938784 22.1111111111051 22.4444441662796 22.7777750223587 23.3333305605163 24.8888814657843 26.6666657018138 27.3333294566037 26.9999970359904 26.7777778473245 27.4444455483252 27.9999927768296 27.3333313688799 26.999999348069 25.7777785252565 25.5555516266709 25.6666622684177 25.3333284048565 25.4444434622097 25.9999990699455 25.8888869418455 25.6666656670612 25.6666646848555 23.777778612244 22.1111119803134 20.9999999391337 19.7777836101274 19.7777737706856 19.9999970185682 19.9999990003753 19.9999990003945 19.3333335853836 18.1111113805261 18.1111091292842 18.3333333333333 17.6666715168315 17.1111101115277 17.1111111110882 17.2222228045503 16.9999980703496 16.6666656844927 16.3333360539699 16.444445426616 16.8888879240517 16.7777768129661 16.5555584847516 16.1250022491066 16 -9999 -9999 -9999
-9999 -9999 -9999 -9999 22 22 -9999 -9999 23.3333333333333 23.4999988852344 23.1249988167771 22.7499995110618 22.7777767434034 23.8888864898288 24.4444444444302 24.9999989482338 26.3333315775316 29.3333293697148 28.7142895027922 28.5555575199547 27.888886750595 28 29.3333315992377 31.4285674611935 29.9999973140825 29.0000003324337 29 29.000000399827 28.6666645979461 27.33333075177 26.5555534867918 25.8888861595643 27.222218867044 26.3333312646329 23.444445174572 22.9999979312682 23.2222220048793 22.2222240475104 21.9999989482222 21.4444465044599 21.3333343677077 21.4444465131932 21.3333345502206 19.8888878718989 20.0000012863805 20.3333292306269 19.1111149443059 18.3333337244799 18.3333322815745 18.3333333333333 17.7777793597347 17.0000037202172 17 17.0000028075311 17.2222222222222 17.2222240822991 17.0000029292198 17 -9999 -9999 -9999 -9999
-9999 -9999 -9999 -9999 -9999 -9999 -9999 -9999 -9999 -9999 -9999 -9999 23.9999983962942 24.8333306735349 25.42856905934 26.999999209016 28.1111052525817 29.874997966052 30.5999948525388 29.6666666666667 -9999 -9999 24 -9999 -9999 -9999 -9999 30.6666784792216 29.6250021023805 28.6666618164236 28.3333280311421 27.4444449920391 28.5555528088149 28.2222230653126 26.0000032247039 26.4444364476754 26.8888924612758 24.9999986788001 24.2222231609605 22.9999998696151 22.6666666666667 23.2222190061222 21.8888977026867 21.111110024605 21.9999966882635 21.5555579458677 20.7777791510989 19.999997826969 19.9999967925702 19.9999993567476 18.7777808547684 17.8888904882027 17.4444499030482 18.3333266664572 18.5555533825001 18.3333333333333 18.1111100246125 17.6666666666667 -9999 -9999 -9999 -9999
-9999 -9999 -9999 -9999 -9999 -9999 24 -9999 -9999 -9999 -9999 -9999 -9999 26 26.5000017340864 27.7499991101433 28.6666633027768 29.4285716968136 29.7500003911731 -9999 -9999 -9999 -9999 -9999 -9999 -9999 -9999 -9999 -9999 32.4285720319971 29.7777779776971 29.8888900101187 30.6666649717364 31.3333288655659 29.1111112936094 28.1111147965551 27.1111129973227 26.2222222048783 25.6666663798024 23.7777766217335 23.2222189713755 24.8888756421239 24.5555554772796 23.6666632332856 23.3333310907635 23.5555486974412 22.4444469651132 21.222223560773 20.9999999999746 20.7777755004421 20.2222211009256 19.7777747876241 19.1111060783719 19.8888866288815 20.1111077124524 19.9999994436681 19.5555532781935 18.7777796204669 18.5833373034352 18 18.6666701348632 -9999
-9999 -9999 -9999 -9999 -9999 -9999 -9999 -9999 -9999 -9999 -9999 27.0000000000147 26.9999981876614 26.125004507953 26.7499973206047 28 28 -9999 -9999 -9999 -9999 -9999 -9999 -9999 -9999 -9999 -9999 -9999 -9999 -9999 30.3333405760614 31.1111066867865 31.3333351934507 31.0000047545691 29.4444474345306 29.111108746846 27.7777834536767 27.3333333333122 27.1111119281585 26.7777750570913 25.6666628073652 26.2222101575578 27.1111121193611 25.2222278546855 25.6666631376254 25.7777729623639 24.0000072752867 22.4444481906869 22.3333321598834 22.2222250036515 21.6666692829699 21.6666640329801 20.7777829148223 21 21.2222193798959 20.8888947125841 20.111115796094 19.7777807939466 19.1111099029253 18.6666685615379 19 19
-9999 -9999 -9999 -9999 -9999 -9999 -9999 -9999 25 24.9999978487224 26.249999999986 27.5 -9999 26.5 -9999 -9999 -9999 -9999 -9999 -9999 -9999 -9999 -9999 -9999 -9999 -9999 -9999 -9999 -9999 -9999 -9999 31.2499924900431 31.400002299961 30.3333381053257 28.4444455830865 30.1111123714208 30.9999924464782 31.4444389422686 30.2222172155255 30.8888786408715 30.3333284135587 31.7777660780693 31.444439255214 28.7777724060109 27.1110945178882 27.1111146140528 25.0000060757575 25.2222247689333 24.5555530869646 23.7777816805306 22.6666693177069 21.2222236651619 20.5555503142356 20.3333308300359 19.9999930550394 19.666669187411 20 20 19.7777795857279 19.33332769215 19.1111066781478 19.5555511051719
-9999 -9999 -9999 29.0000017992708 -9999 28 26.6666666666791 26 25.0000051109981 -9999 -9999 -9999 -9999 -9999 -9999 -9999 -9999 -9999 -9999 -9999 -9999 -9999 -9999 -9999 -9999 -9999 -9999 -9999 -9999 -9999 -9999 32 31.6666716994695 31.2499914925319 27.6666673186044 31.6666472485105 34.77777390965 35.5555504098051 32.9999987048581 31.3333441811145 30.1111082166458 31.2222208750476 33.2222191712982 33.0000068928059 28.4444547706251 26.5555578763535 25.5555579632755 24.5555530957406 24.8888902361231 24.2222352169208 22.8888888367368 22.8888902969687 22.4444471824334 20.7777779429659 20.3333237806742 19.4444347180123 20.3333261449621 20.6666666666319 20.6666653715612 20.6666640763846 20.4444463218936 20.2222209097344
29 29.9999999999958 30.3333296826013 -9999 -9999 -9999 -9999 -9999 -9999 -9999 -9999 -9999 -9999 -9999 -9999 -9999 -9999 -9999 -9999 -9999 -9999 -9999 -9999 -9999 -9999 -9999 -9999 -9999 -9999 -9999 -9999 -9999 -9999 -9999 32.4999831415846 33.7777777429415 36.1111086338687 36.0000060497417 31.4444523890508 31.3333333681523 29.7777758828761 28.7777733795866 30.8888764070853 32.4444363260636 30.9999959582015 28.8888882629978 27.7777848183446 25.555565429724 25.4444456439441 24.5555515137348 23.6666559927379 23.33333868762 22.7777805157985 23.4444404199796 23.3333222247001 22.5555586499605 21.7777735534252 21.8888889236582 21.8888791189758 22.5555497752975 23.1111129190205 22.1111083817533
-9999 -9999 -9999 -9999 -9999 -9999 -9999 -9999 -9999 -9999 -9999 -9999 -9999 -9999 -9999 -9999 -9999 -9999 -9999 -9999 -9999 -9999 -9999 -9999 -9999 -9999 -9999 -9999 -9999 -9999 -9999 -9999 -9999 -9999 36.999987561634 37.3333144801 35.8889021790339 33.2222010048122 32.5555382320724 32.5555486887699 31.444450076888 29.6666654323788 30.7777763262052 33.2222244908106 33.6666587481936 31.7777693463531 30.1111103460825 29.6666596868754 28.6666636330858 27.000003728876 26.7777721452852 25.8888818568815 24.9999957060128 24.9999944543971 23.8888931045213 22.777780689641 21.7777721452944 20.5555508531663 22.1111066781485 24.2222101141349 25.4444385077693 24.1111175432073
-9999 -9999 -9999 -9999 -9999 -9999 -9999 -9999 -9999 -9999 -9999 -9999 -9999 -9999 -9999 -9999 -9999 -9999 -9999 -9999 -9999 -9999 -9999 -9999 -9999 -9999 -9999 -9999 -9999 -9999 -9999 -9999 -9999 -9999 -9999 -9999 40.6666593653638 39.888879753347 38.5555686371881 33.9999893608961 34.2222179977644 33.6666645022977 35.000003763545 35.6666780271918 35.3333312645603 34.6666661885688 33.9999975922352 33.3333275269945 31.1111172302881 29.5555551295763 29.3333371665469 28.1111040357067 26.8888916094893 26.5555512182462 25.5555512616657 24.3333332985284 25.1111155527741 24.9999942283258 25.4444446269092 26.2222114787756 26.1111067216633 24.9999953236201
-9999 -9999 -9999 -9999 -9999 -9999 -9999 -9999 -9999 -9999 -9999 -9999 -9999 -9999 -9999 -9999 -9999 -9999 -9999 -9999 -9999 -9999 -9999 -9999 -9999 -9999 -9999 -9999 -9999 -9999 -9999 -9999 -9999 -9999 -9999 -9999 -9999 44.9999974071802 40.3333511087826 35.4444376036154 36.1111008021254 37.3333325770862 37.8888776933492 38.7777710935258 38.5555495753375 36.6666792179725 37.3333358627115 36.0000034854941 34.4444354741724 31.6666692308795 31.44443996802 29.5555647604306 28.6666663972161 27.5555538345035 26.8888873851728 25.1111139882068 25.2222208488025 26.1111051135021 26.1111126583778 26.8888796143865 27.7777747703135 27.5555543037536
-9999 -9999 -9999 -9999 -9999 -9999 -9999 -9999 -9999 -9999 -9999 -9999 -9999 -9999 -9999 -9999 -9999 -9999 -9999 -9999 -9999 -9999 -9999 -9999 -9999 -9999 -9999 -9999 -9999 -9999 -9999 -9999 -9999 -9999 -9999 -9999 -9999 46.5000153720479 40.6666780619986 40.8888712871024 40.6666668664598 39.4444375949984 40.1111012976977 41.3333401913602 39.2222346867685 36.4444538928717 37.9999918381744 36.2222330352137 36.4444413847815 34.0000061713951 33.4444382556917 31.8888853512391 29.4444381861987 28.3333376793755 27.6666648413496 26.2222207185476 25.0000013907238 25.4444445227906 26.2222206924665 27.0000062322023 27.5555491929608 27.3333397656451
-9999 -9999 -9999 -9999 -9999 -9999 -9999 -9999 -9999 -9999 -9999 -9999 -9999 -9999 -9999 -9999 -9999 -9999 -9999 -9999 -9999 -9999 -9999 -9999 -9999 -9999 -9999 -9999 -9999 -9999 -9999 -9999 -9999 -9999 -9999 -9999 -9999 47.7500139833916 43.4444362998626 44.5555686720016 42.3333354281666 39.5555631089491 38.3333272227816 39.666669917689 36.8888997801768 35.4444475388085 38.8888897406645 37.3333524038471 35.6666657453194 35.4444396203362 35.2222120959162 34.2222222048307 32.4444462436874 30.9999992350246 28.3333459193961 27.1111111111525 26.2222277589891 25.8888780498833 26.2222130694988 27.1111048701178 27.1111095205713 25.1111159439512
-9999 -9999 -9999 -9999 -9999 -9999 -9999 -9999 -9999 -9999 -9999 -9999 -9999 -9999 -9999 -9999 -9999 -9999 -9999 -9999 -9999 -9999 -9999 -9999 -9999 -9999 -9999 -9999 -9999 -9999 -9999 -9999 -9999 -9999 -9999 -9999 -9999 49.5555750606927 44.7777825062301 43.8888897408055 43.111118707973 42.6666688310396 42.1111012541967 39.3333318556178 36.5555651951466 36.7777642007611 38.2222296104769 36.3333358193399 34.6666607125229 37.8888726780703 38.6666670056466 36.0000010082698 34.6666721600516 32.9999933766097 30.6666747328408 28.9999983397859 27.7777807243215 27.1111171085911 27.1111080775117 26.6666761584148 27.5555538431429 26.2222188323055
