data/raster/bioclim/current/ascii/bio3.asc
NCOLS 240 
NROWS 94 
XLLCORNER -180 
YLLCORNER -57.499992177 
CELLSIZE 1.5 
NODATA_value -9999 
[rows 0 to 27 of 94, columns 62 to 123 of 240]
11.6666576442691 11.3333349500866 11.3333248585001 11.5000000000124 11.0000128035066 11.1666678270782 11.1666715951118 12.4999956191633 12.5555634306123 12.6666602866728 11.6666685833016 12.000002777138 13.333327127162 13.4999924508964 14.3333324988665 14.400000485026 14.0000024251003 14.9999628412379 -9999 15 14.6666666666667 14.3333219379692 14.3333333854861 15 15.7499892826228 15.7499993937175 15.6666732118359 15.6666736420845 16.0000045025088 16.2222225264383 16.4444487470214 16.3333336028025 16.6666669361136 16.6666661625178 16.5555550861748 16.1111217502602 16.5555560770772 16.777772805869 16.9999945413633 17 17 17 16.9999999999815 17 -9999 -9999 -9999 -9999 -9999 -9999 -9999 -9999 -9999 -9999 -9999 -9999 -9999 -9999 -9999 -9999 -9999 -9999
11.2222222395972 11.1111104157257 10.7777770650253 11.1111126669822 11.3333288655603 11.999998461495 11.444451945735 11.6666734117442 11.222218988763 12.4444352829338 13.4444392291522 13.4444406807746 14.0000035290001 14.125 14.5555675941334 14.999994870403 14.8333333333333 14.8888927655747 14.0000045199112 13.3333382096142 13.4444321277379 13.2222197275877 13.5555565203922 13.4444501899548 13.7777784210253 13.6666672924934 13.7777744139738 14.2222197189241 14.5555568246199 14.3333384443348 13.4444498770177 12.6666678661933 13.3333243891416 14.2222128521272 15.1111105200402 15.4444447486722 16.2222168852664 16.7777729275857 17.2222274635618 17.5555555207871 17.4444441402167 17.2222108007889 17.1111216720298 17.1111162916007 17 17 16.9999919871292 16.9999828678134 16.8750064832419 17 17 -9999 -9999 -9999 -9999 -9999 -9999 -9999 -9999 -9999 -9999 -9999
11.8571475285328 12.1111147791828 12.2222188410062 12.2222301407408 11.9999964623368 11.5555617616938 11.9999980964259 12.1111111110868 12.5555655167011 13.6666630550305 14.4999907689552 14.0000114474988 -9999 16 15.7142899721623 15.33332793552 14.444444479214 13.6666666666806 12.8888976766491 12.0000003737655 11.33333367233 11.0000000000132 11 10.7777819152271 10.6666677705932 11.222217997865 11.3333343850922 11.3333354194524 11.4444458351999 11.6666659539045 11.6666674315976 12.1111114848766 12.3333336896986 12.77777849054 13.3333290307525 13.7777788469211 14.7777788469211 15.7777625665724 17.7777781515433 18.0000003737478 18 18 18 18 17.8888944605436 17.5714357573359 17.2 17 -9999 -9999 -9999 -9999 -9999 -9999 -9999 -9999 -9999 -9999 -9999 -9999 -9999 -9999
12.5555580154303 12.1111184993919 12.6666768103432 12.222229906061 10.5555628656144 11.9999847279681 12.5555630568544 13.4999981420373 14.9999835328193 16 15.2857201528767 15.3333370970401 14.6666708910439 14.1111157266253 13.6666713864866 13.3333337244833 12.7777868001999 12.2222226133722 11.1111115022905 10.0000097264741 9.33333374186776 9.33333333333333 9.33333333333333 9.66665732263986 9.99999959146557 10 10.1111107199774 10.3333333681015 10.9999952975401 11 11.1111058436949 11.8888831955533 12 12.2222172416322 12.8888838735126 13.0000004258993 13.5555551296374 14.555539970568 18.5555394577095 18.9999939068651 18.8888946256795 18.8888888888889 18.7777828365536 18.7777651568488 18.6666662581527 18.8333327205625 18.5 -9999 -9999 -9999 -9999 -9999 -9999 -9999 -9999 -9999 -9999 -9999 -9999 -9999 -9999 -9999
12.5555588324883 12.8888851164996 12.7777844707302 13.0000000347537 12.7777703807856 13.7142811881888 14.9999680042725 -9999 -9999 15.9999622936357 16.2499990025685 16.1428620489015 15.6666725251106 15.3333318469648 14.9999927333945 14.3333295087383 13.7777794813743 13.7777786643221 13.1111129886049 12.0000033290576 11.5555571288016 10.7777798117126 10.1111106330389 10.2222217789011 10.4444439837567 10.3333333333333 10.5555458464807 10.9999999999814 11 11.1111058784637 11.6666623380106 12 12 12.4444345006894 12.77777825585 13 13.0000009039706 14.1111016366986 19.1110906585144 19.8888937564553 19.6666666666667 19.4444557006671 19.4444494510833 19.6666657452913 19.5555495580045 19.9999927917415 -9999 -9999 -9999 -9999 -9999 -9999 -9999 -9999 -9999 -9999 -9999 -9999 -9999 -9999 -9999 -9999
13.4999951107003 13.1250048795212 12.444447295441 11.8888830477877 13.3333304649069 14.5 -9999 -9999 -9999 -9999 -9999 -9999 -9999 16 -9999 -9999 -9999 -9999 16 14.7500185695973 13.6666645632106 12.5555539996679 11.6666705781386 11.3333333333333 11.1111212113119 11.2222222570113 11 11 11 11 11 11.8888830043058 12 12.0000054934081 12.222228263239 12.7777778125239 12.9999995045663 14.111105904429 19.8888669499439 20.6666651281678 20.4444439316034 20.3333322728823 20.3333322728562 20.4444384121268 20.4444444444701 21 21 -9999 -9999 -9999 -9999 -9999 -9999 -9999 -9999 -9999 -9999 -9999 -9999 -9999 -9999 -9999
14.4444450094218 14.7500087616411 13.0000089181782 13.3333393569612 14.3333211556689 12.500019733307 13.9999910818938 -9999 -9999 -9999 -9999 -9999 -9999 -9999 -9999 -9999 -9999 -9999 -9999 15.0000384105188 15.5000164672089 13.2222438916795 11.5555637522496 11.3333316035805 11.333332768316 11.5555498622221 11.2222216398434 11 11 11.1111057741625 11 11.0000005649696 11.2222282980088 11.6666684138033 12.1111105635011 12.5555510356545 13.1111116239 14.444425313086 20.9999616851298 21.5555544255667 21.3333386615253 21.2222282197408 21.1111111284668 21.1111111284954 21.3333166965981 21 -9999 -9999 -9999 -9999 -9999 -9999 -9999 -9999 -9999 -9999 -9999 -9999 -9999 -9999 -9999 -9999
15.2499999999792 14.4444423149214 13.6666654497924 13.555560153668 14.4444397246438 14.0000054238506 13.8888852033663 13.8571444216912 14.7499917664277 16 -9999 -9999 -9999 -9999 -9999 -9999 -9999 -9999 -9999 -9999 16.2499986114716 15.5555598408002 14.6666766974019 12.8889015619059 12.4444528149323 12.1111162742176 12.2222228219855 12.2222262901071 12.3333333332793 12.1111194381046 11.8888827957479 11.6666666666667 11.6666654323712 11.6666654323704 11.8888945039837 12.555549853512 13.3333212252349 15.5555224993704 21.999978452176 22.555560866417 22.4444438446809 22.2222222221914 22.1111050440602 22 -9999 -9999 -9999 -9999 -9999 -9999 -9999 -9999 -9999 -9999 -9999 -9999 -9999 -9999 -9999 -9999 -9999 -9999
14.6666712647979 14.7777777777778 14.4444397594338 14.3333333333327 14.6666666666667 14.4444514850275 14.1111139968686 14.111106782446 14.1111117977972 14.7777753352815 15.9999828677873 16.9999953062966 18.0000137161297 -9999 -9999 -9999 -9999 -9999 -9999 -9999 -9999 16.0000237684687 16.1111110415724 16.7777758218402 16.555558041512 16.1111130319879 14.5555581632279 13.8888882022322 13.4444491642138 13.3333333333333 13.1111145618732 12.7777777777484 12.5555548688709 12.4444437925267 12.5555484975556 12.7777777603933 13.2222229262286 16.7777466077405 23.6666489868538 24.0000053282429 23.8888875155185 23.624996201025 23.1249992469995 22.9999907950729 -9999 -9999 -9999 -9999 -9999 -9999 -9999 -9999 26.4999999998386 -9999 -9999 -9999 -9999 -9999 -9999 -9999 -9999 -9999
15 14.8888815093063 15.1111069910348 15.5555555555333 15 15 14.999998732715 14.9999985918601 15.1111089989246 15.2222207271618 15.9999955322616 15.8888943909093 16.444439820275 16.333347258071 -9999 -9999 -9999 -9999 -9999 -9999 -9999 16.5000424392297 17.2857019143216 19.9999877310709 20.0000075795211 17.8888972942007 16.6666559927778 15.5555494450339 14.888893608685 14.4444444965955 14.000000000032 13.6666715428878 13.333331873072 13.1111103896564 13.9999985570577 16.3333137499862 16.1111066780799 17.9999487250829 24.5555279406457 25.3333333333333 25.7777695289501 25.0000059583796 24.0000490493741 -9999 -9999 -9999 -9999 -9999 -9999 -9999 -9999 -9999 -9999 -9999 -9999 -9999 -9999 -9999 -9999 -9999 -9999 -9999
14.9999990906021 14.9999976444087 15.5555521743173 16.571422167823 -9999 15.5 15 15 15.799991989365 16 16.0000037810493 16 15.1111212200666 13.8888903665113 13.8571488919918 15.9999909450392 -9999 -9999 -9999 -9999 -9999 -9999 20.8888933826578 21.2222081236407 21.4444474780439 20.2222214659989 18.8888912183553 16.5555695237747 16.0000031726426 15.4444484601663 15.2222158161405 15.333335853991 15.2222248124507 14.8888815701608 16.888868775336 22.9999523584723 26.5999281234398 25.3333553934366 26.9999977313301 27 -9999 -9999 -9999 -9999 -9999 -9999 -9999 -9999 -9999 -9999 -9999 -9999 -9999 -9999 -9999 -9999 -9999 -9999 -9999 -9999 -9999 -9999
16.1666707562556 16.7777769520167 17.4374915854453 17 -9999 -9999 -9999 -9999 15.9999889696881 16 16.4444452875614 16.4444428450747 15.9999952888858 15.5714254310168 14.444437134387 15.2222245950659 18.2499898399768 20.9999628411478 -9999 -9999 -9999 -9999 22.2500052706041 20.6666618078102 21.8888908706999 20.3333470234373 18.3333425469554 17.1111259572069 16.7777777777778 17.6666475440182 20.4444202456117 21.8888707571283 24.7777432700853 25.6666426850811 26.7142547800697 28.0000119689456 -9999 -9999 -9999 -9999 -9999 -9999 30.6000097787207 30.1999885473098 31.6666666666667 34.199989908591 35.0000037941548 34.8333432162307 34.0000517614984 -9999 -9999 -9999 -9999 -9999 -9999 -9999 -9999 -9999 -9999 -9999 -9999 -9999
17 17.6666633549653 18.4285648014542 18.0000101957854 -9999 16 15.6249989927888 15.6666576095339 15.9999999999717 15.9999991220856 16 16.0000047458809 15.666666666698 15.5000009680619 16 17.2000160681743 18.4999816555455 -9999 -9999 -9999 -9999 -9999 24 24.0000018253551 23.6666685614879 21.3333460933699 19.0000046328682 17.111104670261 16.9999952801737 18.9999818074212 25.3333039451851 28.9999866880191 -9999 -9999 -9999 -9999 -9999 -9999 -9999 -9999 -9999 32 30.333359148841 29.8749989927898 30.9999888914145 32.2222183367691 33.1111167696429 34.2222204490092 34.0000233568874 -9999 -9999 -9999 -9999 -9999 -9999 -9999 -9999 -9999 -9999 -9999 -9999 -9999
17.6666541500518 18.2 19 18.6 18 16.9999916296569 16.0000079989319 -9999 16 16.3333193564528 16.4285690593606 16.2222231175214 16.4444474171104 16.1111150485802 16.5555426391417 17.333336071284 -9999 -9999 -9999 -9999 -9999 -9999 -9999 26.3333117422172 25.5000090843074 21.2222394587794 19.0000091962743 17.5555742087866 18.1110988464455 22.8888461669733 28.9999965912474 -9999 -9999 -9999 -9999 -9999 -9999 -9999 -9999 -9999 -9999 -9999 29 29.9999972620853 30.9999972618133 32.9999649924352 33.99999726209 34.9999487598986 -9999 -9999 -9999 -9999 -9999 -9999 -9999 -9999 -9999 -9999 -9999 -9999 -9999 -9999
-9999 -9999 19 -9999 17.7500100132878 17.0000157631762 16.2222303319259 15.8888934608957 16.0000009648047 16.0000032953282 17 -9999 17.6666347233031 16.7499978291949 17.799999999873 18 -9999 -9999 -9999 -9999 -9999 -9999 -9999 -9999 30.4999752798923 28.62500772514 25.000011151875 22.9999844063302 20.4444403766546 27.5555038373873 -9999 -9999 -9999 -9999 -9999 -9999 -9999 -9999 -9999 -9999 -9999 -9999 -9999 -9999 -9999 -9999 -9999 -9999 -9999 -9999 -9999 -9999 -9999 35.4000017679021 -9999 -9999 -9999 -9999 -9999 -9999 -9999 26.99999275396
-9999 -9999 -9999 -9999 17.7499921576749 17 16.9999943762365 16.1111157700694 16.4444417846641 16.8888831260197 17.333319921427 17.9999950268617 18.499982437553 -9999 19 19.166648530654 -9999 -9999 -9999 -9999 -9999 -9999 -9999 -9999 -9999 32.9999083939304 32.9999999998728 31.4000150669175 29.8749573358922 31.7499418171108 -9999 -9999 -9999 -9999 -9999 -9999 -9999 -9999 -9999 -9999 -9999 -9999 -9999 -9999 -9999 -9999 -9999 -9999 -9999 -9999 -9999 -9999 -9999 -9999 -9999 -9999 34.9999628024533 32.0000419893728 -9999 -9999 -9999 26.9999998378452
-9999 -9999 -9999 -9999 18 17 17 17 17 17.3333370621833 17.9999978617134 18.5555528262388 19.5999890322989 19.000002444688 18.6666666666667 18.7499875028601 20.8333116770993 -9999 -9999 -9999 -9999 -9999 -9999 -9999 -9999 -9999 -9999 -9999 -9999 -9999 -9999 -9999 -9999 -9999 -9999 -9999 -9999 -9999 -9999 -9999 -9999 -9999 -9999 -9999 -9999 -9999 -9999 -9999 -9999 -9999 -9999 -9999 -9999 37.4999457089613 36.0000323084254 37.2500024840753 37.0000369763175 -9999 -9999 -9999 -9999 23.3333590706102
-9999 -9999 -9999 -9999 19 18.5 17.5 17.8888855076146 17.8888829695621 17.9999999999625 18 18.3333245109281 18.9999999652321 19 19 19.4444369866017 20.8888806661353 21.9999999998067 -9999 -9999 -9999 -9999 -9999 -9999 -9999 -9999 -9999 -9999 -9999 -9999 -9999 -9999 -9999 -9999 -9999 -9999 -9999 -9999 -9999 -9999 -9999 -9999 -9999 -9999 -9999 -9999 -9999 -9999 -9999 -9999 -9999 -9999 -9999 35.1666576833481 34.3333374667054 34.4444198806098 37.8571573070872 -9999 -9999 -9999 -9999 -9999
19.4 20 20.3333333333333 -9999 19.5000156847814 19.4999894000048 19.2857127322901 18.7777802115228 18.6666642849585 18.0000049023735 18.1111099028923 18.1111072604979 18.9999988265911 19 19.6666602953531 20.4444444444019 21.3333304301302 21.7500033051673 21.8749952965724 -9999 -9999 -9999 -9999 -9999 -9999 -9999 -9999 -9999 -9999 -9999 -9999 -9999 -9999 -9999 -9999 -9999 -9999 -9999 -9999 -9999 -9999 -9999 -9999 -9999 -9999 -9999 -9999 -9999 -9999 -9999 -9999 -9999 38.5 35.8333423948763 35.7500028749519 36.8888792232702 36.9999951162114 -9999 -9999 -9999 -9999 -9999
20.1111066433423 20.6666575573255 21.2222151120588 21.3333333332177 21 20.6666606952643 20.1111098507793 19.666673881093 19.3333357323485 19.2222197014779 18.9999963232734 18.9999999999559 19.4444432014567 20.3333229376085 21.3333296043702 21.8888822915822 21.8888864377727 22.2222184759676 22.333322450855 22.7499890187282 23.5 -9999 -9999 -9999 -9999 -9999 -9999 -9999 -9999 -9999 -9999 -9999 -9999 -9999 -9999 -9999 -9999 -9999 -9999 -9999 -9999 -9999 -9999 -9999 -9999 -9999 -9999 -9999 -9999 -9999 -9999 40.0000161149368 40.7777728232778 38.8888899405824 36.750002757457 36.3999867952603 36.1110999417396 36.5714510342679 -9999 -9999 -9999 -9999
21.1111097985856 21.7777764825984 22.3333307082824 22.4999985233642 22.499999999819 22.1666700565763 21.4444502768071 20.7777813850105 20.4444418367779 20.2222196145549 19.777777777779 20.3333320207638 20.8888784757365 22.2222196492781 23.2222236216282 23.2222168852885 23 23.1111056698725 22.7777764826857 22.6666666491341 23.1111038358621 -9999 -9999 -9999 -9999 -9999 -9999 -9999 -9999 -9999 -9999 -9999 -9999 -9999 -9999 -9999 -9999 -9999 -9999 -9999 -9999 -9999 -9999 -9999 -9999 -9999 -9999 -9999 -9999 -9999 -9999 40.7142934141793 40.6666552799784 40.2222395023 35 33.555569036993 35.8888602659549 34.4444581171769 33.1428796725557 31.9999715636995 -9999 30.4999317744488
22.9999940458622 23.6666626595511 23.333331986039 23.1111111110695 24 23.8888840560509 22.8888897841496 21.9999959582487 21.3333333333333 21.2222259162869 21.6666602084316 22.8888681495048 23.6666573921548 23.4444430276154 23.6666626596919 23.1111097290907 23.4444376559116 23.1111111111111 24.2222124956631 23.0000109073144 23.624992147716 22.9999609636479 -9999 -9999 -9999 -9999 -9999 -9999 -9999 -9999 -9999 -9999 -9999 -9999 -9999 -9999 -9999 -9999 -9999 -9999 -9999 -9999 -9999 -9999 -9999 -9999 -9999 -9999 -9999 -9999 -9999 40.750010365651 38.3333512999643 -9999 31.2500136705461 32.5555521046587 35.7777591854662 35.9999785737223 34.7500181983682 31.2499969296478 31.3749779294299 33.555569871192
24.9999920988812 25.5555541561078 25.2222248036969 23.8888894538042 24.5555611097236 24 23.7777785687761 22.6666739332416 22.3333333333796 22.5555490277837 23.1111031143566 23.6666719339674 24.6666705520493 23.5000118124548 22.9999859839941 22.7142875135756 23.0000000446355 23.6666666666667 23 23.8333417818627 26.222215103286 26.2000131894092 25 -9999 -9999 -9999 -9999 -9999 -9999 -9999 -9999 -9999 -9999 -9999 -9999 -9999 -9999 -9999 -9999 -9999 -9999 -9999 -9999 -9999 -9999 -9999 -9999 -9999 -9999 -9999 -9999 -9999 -9999 35 32.9999937807143 34.9999662831647 34.2499967731909 37.4999719548452 37.499997901068 35.3333355235448 35.55555639871 33.8889003538721
25.7777683207542 26.4444506419199 26.333338131405 26.777779776907 25.6666770884849 24.2222207532367 24.2222222222222 24.1111067910776 24.2222244299603 23.8888896625072 23.0000090658569 23.222216920008 24.6249896052829 24.1111185689119 23.1110958912215 22.9999935460253 -9999 -9999 22.4999810295535 23.6666554016256 27.4444273210063 26.7777922762075 25.8333399436986 -9999 -9999 -9999 -9999 -9999 -9999 -9999 -9999 -9999 -9999 -9999 -9999 -9999 -9999 -9999 -9999 -9999 -9999 -9999 -9999 -9999 -9999 -9999 -9999 -9999 -9999 -9999 -9999 -9999 -9999 -9999 38 36.8888996931893 36.9999909166968 38.6666561142923 37.2222536791209 35.5555710620962 36.5555648822421 34.2222221876226
27.2222207185573 26.44443810794 25.8888918963524 26.2222301668767 24.2222321138511 25.5555490277339 24.8888939302916 24.8888874199525 25.4444423235304 24.6666762975806 23.7777679643504 25.2222092013452 26.9999970446968 26.1111086251797 26.3333408084081 24.600011749991 22.6666666665017 24.3999972619509 25 -9999 26.3333204256962 25.8000012282755 26.3333090433088 -9999 -9999 -9999 -9999 -9999 -9999 -9999 -9999 -9999 -9999 -9999 -9999 -9999 -9999 -9999 -9999 -9999 -9999 -9999 -9999 -9999 -9999 -9999 -9999 -9999 -9999 -9999 -9999 -9999 -9999 -9999 -9999 37 37.2000026754659 37.3333176442409 38.1111018018954 38.1111002457333 35.3333701443953 32.888874555813
26.1111030013379 27.8888906794045 26.000013420507 24.6666613906081 25.9999918813556 26.3333368361636 25.333336905749 24.3333317079381 25.4444376731375 25.8888857597416 26.9999938285752 28.3333225375681 28.6666627812864 26.8750158902184 27.6666682572868 27.777774631196 27.3750074607024 25.6000074629588 25 -9999 -9999 -9999 -9999 -9999 -9999 -9999 -9999 -9999 -9999 -9999 -9999 -9999 -9999 -9999 -9999 -9999 -9999 -9999 -9999 -9999 -9999 -9999 -9999 -9999 -9999 -9999 -9999 -9999 -9999 -9999 -9999 -9999 -9999 -9999 -9999 -9999 -9999 39.3333162359512 40.7777558476771 39.6666793569989 36.3333573496711 34.4444349267104
28.1110965170567 29.1111078342745 27.8888906795476 25.8888888714063 26.2222304970306 25.8888872112916 26.5555539648782 27.666640503429 29.6666561143888 29.2222153120536 30.3333333680473 28.8333251454048 28.6250043514964 26.999964405731 27.2857193483332 27.5000181882803 -9999 -9999 24 -9999 -9999 -9999 -9999 -9999 -9999 -9999 -9999 -9999 -9999 -9999 -9999 -9999 -9999 -9999 -9999 -9999 -9999 -9999 -9999 -9999 -9999 -9999 -9999 -9999 -9999 -9999 -9999 -9999 -9999 -9999 -9999 40 41.0000073143086 41.3333382094046 41.0000000005325 37.0000551510209 39.3333148970562 41.1111128449712 39.5555855695277 37.2222555911162 36.666679478864 35.2222286458007
27.55554734138 29.1111061392453 26.5555806844041 26.8888837604648 27.7777677470567 30.3333232763627 31.1111081296408 30.1111077559681 30.2222204577023 30.5555609271973 30.3333350110457 26 -9999 -9999 -9999 -9999 -9999 -9999 -9999 -9999 -9999 -9999 -9999 -9999 -9999 -9999 -9999 -9999 -9999 -9999 -9999 -9999 -9999 -9999 -9999 -9999 -9999 -9999 -9999 -9999 -9999 -9999 -9999 -9999 -9999 -9999 -9999 -9999 -9999 -9999 -9999 -9999 39.1111180561593 38.5555528003659 39.3333289526077 37.3333444070659 38.2222300451582 37.3333507783951 35.5555637352175 32.777787417383 34.4999571959487 -9999
