data/raster/bioclim/current/ascii/bio3.asc
NCOLS 240 
NROWS 94 
XLLCORNER -180 
YLLCORNER -57.499992177 
CELLSIZE 1.5 
NODATA_value -9999 
[rows 0 to 27 of 94, columns 124 to 185 of 240]
-9999 -9999 -9999 -9999 -9999 -9999 -9999 -9999 -9999 -9999 -9999 -9999 -9999 -9999 -9999 -9999 -9999 -9999 -9999 -9999 -9999 -9999 -9999 -9999 -9999 -9999 -9999 -9999 -9999 -9999 -9999 -9999 -9999 -9999 -9999 -9999 -9999 -9999 -9999 -9999 -9999 -9999 -9999 -9999 -9999 -9999 -9999 -9999 -9999 -9999 -9999 -9999 -9999 -9999 -9999 -9999 -9999 -9999 -9999 -9999 -9999 -9999
-9999 -9999 -9999 -9999 -9999 -9999 -9999 -9999 -9999 18 18 -9999 -9999 -9999 -9999 -9999 -9999 -9999 -9999 -9999 -9999 -9999 -9999 -9999 -9999 -9999 22 22 22 21.5000172495228 21.0000361809877 -9999 21 20.8333205037813 20 19.9999999999724 20 20 20 20 -9999 -9999 -9999 -9999 -9999 -9999 -9999 -9999 18 18 -9999 -9999 -9999 -9999 -9999 -9999 17.6666666145139 18 18 17.8000177736221 18 18
-9999 -9999 -9999 18 18 17.1666666666667 16.1999877806046 16.8333333333662 17.5555482541622 18.5555412570004 19.6249987776563 19.999992933299 20.4444512068943 20.8333328248384 21 -9999 -9999 21 21 -9999 -9999 -9999 -9999 -9999 -9999 -9999 22 22 22 22 22 21.666665597598 21 21 20.0000247464917 20 20 -9999 -9999 -9999 -9999 -9999 -9999 -9999 -9999 -9999 -9999 -9999 -9999 -9999 -9999 -9999 -9999 -9999 -9999 -9999 18 17.7777777429501 17.9999898041845 17.8888789799193 17.8888892626544 18
-9999 -9999 -9999 18.7999880308959 19.0000121254332 18.1111237668932 16.4444580215252 17.4444371778192 18.5714196867982 19.7499834545779 20.8749911894305 21.8 22.5 22 22 22.3333103861765 22 -9999 -9999 -9999 -9999 -9999 -9999 -9999 -9999 -9999 -9999 -9999 -9999 -9999 -9999 -9999 -9999 -9999 -9999 -9999 -9999 -9999 -9999 -9999 -9999 -9999 -9999 -9999 -9999 -9999 -9999 -9999 -9999 -9999 -9999 -9999 -9999 -9999 -9999 -9999 -9999 -9999 17 -9999 18 18
-9999 -9999 -9999 -9999 -9999 18.5000304701372 18.1999991708113 18.7999868575414 -9999 -9999 21 22.4999662051075 -9999 -9999 -9999 -9999 -9999 -9999 -9999 -9999 -9999 -9999 -9999 -9999 -9999 -9999 -9999 -9999 -9999 -9999 -9999 -9999 -9999 -9999 -9999 -9999 20 20 20.000001434107 20 20 20.166653028764 -9999 -9999 -9999 -9999 -9999 -9999 -9999 -9999 -9999 -9999 -9999 -9999 -9999 17 17 -9999 -9999 17.0000000000596 17.333347766554 17.5
-9999 -9999 -9999 -9999 -9999 -9999 -9999 -9999 -9999 -9999 -9999 -9999 -9999 -9999 -9999 -9999 -9999 -9999 -9999 -9999 -9999 -9999 -9999 -9999 -9999 -9999 -9999 -9999 -9999 -9999 -9999 -9999 -9999 22.3999852147589 21.5714285714777 21 20.0000000000512 20 20 20.3333318469634 21 -9999 -9999 -9999 -9999 -9999 -9999 -9999 -9999 -9999 17 17 17 17 17 17 17 17 17 17 17 17
-9999 -9999 -9999 -9999 -9999 -9999 -9999 -9999 24.0000623486425 -9999 -9999 -9999 -9999 -9999 -9999 -9999 -9999 -9999 -9999 -9999 -9999 -9999 -9999 -9999 -9999 -9999 -9999 -9999 -9999 -9999 -9999 24.3333333333333 23.2857255282605 22.4444521109383 21.714306992618 21 -9999 -9999 -9999 -9999 -9999 -9999 19 18.500041930653 -9999 -9999 17 -9999 16 16 16 16 16.6249682977303 16.4444647230571 16.8888981806777 17 17 17 17 17 17 17
-9999 -9999 -9999 -9999 -9999 -9999 -9999 -9999 -9999 -9999 -9999 -9999 -9999 -9999 -9999 -9999 -9999 -9999 -9999 -9999 -9999 -9999 -9999 -9999 -9999 -9999 -9999 -9999 -9999 -9999 24.5000029336236 24.3333507870971 23.0000175754066 22.2500197918929 -9999 -9999 -9999 -9999 -9999 -9999 -9999 19 18.555564856189 18.0000000000471 17.9999988891318 17 16.8 16 16 16 16 16 16 16 16.0000111778908 16.8888701660959 17 17 17 17 17 17
-9999 -9999 -9999 -9999 -9999 -9999 -9999 -9999 24 23.6666457794803 23 23.4999788260372 24.1666569663257 25.5714302700824 27.3333580666885 26.0000238599162 23.5 -9999 -9999 -9999 -9999 -9999 -9999 -9999 -9999 -9999 -9999 -9999 -9999 -9999 24 23.2000146601429 22.1666798874073 21.6000000000891 21 20.0000290750617 -9999 -9999 -9999 -9999 18.5000208479713 18.1111217154284 18 17.4444632541198 17 16.6250007529637 16.1111111111111 16 16 16 16 16 16 16 16.1111011152116 16.8888888715058 17 17 17 17 17 17
-9999 -9999 -9999 -9999 -9999 28 28.4 26.4000150042177 24.3333402782986 23.1111180561245 22.9999922292754 22.888881083443 23.1111039749183 23.666668092147 24.0000050327039 23.8889056212614 22.1111338497273 20.2222296018396 19.6666544368289 20.333334441517 21 22 -9999 -9999 27 -9999 -9999 -9999 22.8333333334128 22.0000000001556 -9999 20.3333355496881 20 20 20 20.1428464478131 20 19.4444521456618 19 18.4000166784716 18 18 17.5555461508319 17 16.8571428571429 16.0000113432286 16 16 16 16 16 16 16 16 16.3333340025126 16.9999899172414 16.9999992959896 16.8888895928989 17 17 17 17
-9999 -9999 -9999 -9999 28 27.6666779837603 26.8889048563056 25.3333409650782 23.777785461628 23 22.5555469591696 22 22.888888871455 23 23 22.8888969725255 22.000013863937 21.1111258702961 20.666656896844 20.8888798926726 21 21.5555487236559 22.4285615829426 23.3333103078832 -9999 25.3750087518875 24.4285815200631 22.500000000247 21.6000157396207 20.6250197918699 19.8888992672585 19.5555555381713 19.6666592784232 19.7777867653894 20 20 20 19.3333356541566 18.9999992264514 18.0000085095365 17.8888974853433 17.3333442852602 17 17 16.5714388753949 16 16 16 16.1111013064451 16.1111209156492 16.4444436709002 16.7777670777483 16.7777777951619 16.888878858227 16.9999999999366 17 17 17 17 17 17 17
-9999 -9999 -9999 28 27.7142943529539 26.5555926272196 25.2222374508491 24.5555847261537 23.7777777777778 23 23 22.3333403826498 22.6666515858158 23.1111031317801 23 22.6666747676866 21.7777777778334 21.3333267796395 21 21 20.9999886958858 20.9999886438176 21.4285724678415 22.1428592662427 22.9999896478617 23.1428792927592 22.7777951619334 21.7777769348084 20.7777953531606 20.0000000000609 19.1111111111709 19 19 19.1111028796648 19.5555555381696 20 20 19.4444637669488 18.8888981894139 18.2222205533156 17.8888709050561 17.1111377783209 17 17 16.9999989383913 16.4444444444443 16.4444428103048 16.2222320095015 16.6666568965684 17 17 17 17 17.3333324901177 17.5555555554864 17.5555649169788 17.8888872721356 17.666654689099 17.4444427234579 17.1111311114188 17.3333307866575 17.5555555555542
-9999 -9999 30 27.8000255496632 26.5555555730976 25.1111263397922 24.9999922988189 24.5555769379867 24.222227341924 23.9999921597984 23.8000111085243 23.5 23.1666653238042 23 22.7777858962369 21.6666902657 20.4444617156744 20.55555643347 20.888881439854 20.5000010072767 20 19.9999886176569 20.4285725795906 21.3333170704697 22.00000086053 22.11112842573 21.8888888890129 21.11111899481 20.2222372161378 19.6666746895019 18.99999913947 19 19 19.2222222221559 19.8888614741464 20.1111036879752 20.2222147644523 20 19.4444418109019 18.4444529714892 18 17.3333515083105 17 17 17 17 17 16.9999991395393 17 17.2222213269234 17.6666558276347 17.888878893002 17.9999991393986 18 18.0000093265794 18 18 18 18 18 17.9999991395444 18
26.9999581475339 28.7143085905068 29.0000159848569 26.3333645987498 24.8888916964741 24.3333323684976 24.7777681990796 25 24.0000112315006 24 24.4999880570891 24.9999990873167 23.8889093501498 22.444452562844 21.4444444271216 21.1111111111111 20.3333470581939 20.2222139125347 20.2222222222851 20.4444369604564 20.2222297582339 19.8889039956846 20.6666666665377 21 21.6666666667324 22 21.666658835124 21 20.2222292280008 19.7777777082441 19.0000080401509 19 19.5555464810302 20.000008213992 20.3333323511126 20.8888888888206 21 20.5555630655438 19.8888803967498 19.0000075969814 18.1111111111111 17.8888975375574 17.1111101637328 17 17 17.0000098045807 17.4444247655944 17.5555644823722 17.7777777777778 18 18.3333223551539 18.3333406086267 18.5555463332065 18.888877841249 19 19 18.9999999999225 18.6666751848657 18.2222222222222 18 18 18.444432875364
28.1111036705227 27.8889039608885 26.7777787426717 24.8888964858218 24.777769129206 25.3333256320945 25.7777689900151 25.6250165159423 -9999 -9999 25 24.6666757151307 23.7777940145703 22.0000081531657 21.2222232044436 21.2222212226198 21 21 21 21.2222222221549 21.4444434448393 21.3333333333333 21.6666580615157 21.5555642474912 21.111128547272 21.4444288161331 21.2222153553822 21.0000000000697 20.0000089007518 19.5555655427623 19.1111111111111 19 19.7777696160872 20 20.7777797594559 21.2222222222222 21.888897242025 21.1111195164 20.2222296974442 19.2222222222222 18.5555641346125 18 17.8888869593673 17.7777845663104 17.3333333333333 17.888888888734 18.2222123306486 18.5555555554765 18.7777768129412 19 19 19.2222110702815 19.1111009240077 19.2222212226167 19.5555266456894 19.7777861742004 19.5555545733345 19.1111121107166 19 18.7777768303253 18.7777777777776 19.3333226593869
26.0000085443852 26.5555456378678 25.777785427049 24.2222243257377 25.2222232391507 26.5555555554282 26.6666881708147 25.1250177579018 23.6666905263988 24.0000000001458 24.2222071936485 23.8889030396083 22.5000015517571 21.8571428571429 22 21.222221205301 21.3333176093298 22.222214859919 22.4444359957529 22.3333247804087 22.000008552925 22 22 21.444452154362 21 20.8888977547979 20.7777777778521 20.3333353846977 19.3333333334063 18.8888728607544 19 19 19.3333272227155 20 20.5555473067239 21.4444361260768 22 21.2222390501059 20.3333502829839 19.7777863394443 19 18.4444530581837 18.333331229816 18.2222124523404 18.4444346050252 18.7777679035071 19.1111200029095 19.6666645979182 19.77777676087 19.6666666666667 19.8888878718988 20 20 20 20 20.1111006806337 20 19.99999898301 19.6666560972023 19.3333322816651 19.7777564821275 20.3333333333333
23.3333506305905 24.1110980208284 23.0000413987061 23.1428270639137 26.2222233258055 27.8888799272807 26.8888889237238 24.5714550241489 23 -9999 23 22.1666650369785 21.3333333334028 21.6666809911564 22 22.1111100071989 22.5555471414915 23.6666582003765 23.6666644936112 23 22.1111186645705 22 21.4444553617189 20.77779535321 20.2222420400967 20.0000088659081 19.7777957008155 19.222231192434 18.0000180970368 17.9999909081786 18.9999908734088 19.3333333333333 19.4444606985713 19.4444197849543 20.3333167662968 21.0000010690631 21.2222222222222 21 20.1111121977229 19.7777777777778 19 19 19 19.222211296279 19.5555456986692 19.8888779281761 20 20 20 20 20.777748355074 20.7777847575363 20.2222211184029 20.2222129651047 20.7777849314681 20.9999999999099 20.9999989308567 20.7777756221993 20.3333333333333 20.3333322295162 20.4444337184398 21.7777465817061
-9999 25.9999704684912 26.5999979815419 24.9999766357228 26.3749874831289 28.1111224889473 26.6666882752429 24.8750076765524 22.9999979505016 -9999 22.8333333333333 22.4999999998916 22.1249893900605 22.8888926263951 22.8888733039622 23.1111183341228 24.1111015411262 24 23.7777777779316 22.9999988439345 21.8888987196326 21.4444357350743 21 20.0000153502977 19.9999988440153 19.6666666666654 19.3333412170141 19 18.6666643894665 18.666665545288 19.4444363694564 20.2222141123841 20.3333333333333 20.5555439082361 21.6666467357473 21.5555638910517 21 20.7777946230385 19.8888985196931 19.1111111111983 19 19.4444346397104 19.8888877501194 20 20.4444157866506 20.999999999911 20.7777866524416 20 20 20.7777778123582 21 21 20.4444547881846 20.8888888888889 21.2222210661567 21.6666655279854 21.6666666666667 21.6666655279858 21.5555543993927 21.6666643893044 22.1111003676245 23.2222222220253
-9999 26.3999549558018 27.4444565005559 23.0000148830962 25.7142857588946 24.8750204569827 25.3333537513598 25 -9999 23 24.5555239248602 24.7777753787997 25.3333214512187 24.3333619997438 23.888886507297 23.9999915686211 24.3333260233312 23.6666666841304 23.2222210487723 22.5555705407048 21.777784123018 21.1111250965689 21.1111099028923 20.7777766217107 20.1111176474952 19.6666709084722 19.7777711196206 19.6666575573877 19.6666654758325 19.7777673908288 20.000001208131 21.1110925101032 21.7777590550822 22.4444338139489 22.9999905778066 22.3333499525075 21.444444409589 20.7777885820291 19.8888961730646 18.8888888541202 19.2222124349642 19.999991386191 20.2222210140034 20.3333233723308 20.8888813091795 21 20.5555745476783 20 20.0000090136399 20.9999999999032 21.4444341530494 21.5555647255555 21.3333321599806 21.7777661737599 22.2222210140034 22.7777660695547 22.9999964799517 22.8889054733432 22.6666666666667 22.7777777776765 23.3333333333333 24.5555567634633
24 27.8332804896017 28.7778070004562 25.8750421064794 26.2499985820813 26.250060744258 25.2000122505486 23.500014012785 24.749998640753 24.3750092503527 24.7777789859191 26.3333179744078 26.5555626916354 24.888904491193 24 24 23.5555543476642 23 23 22.6666716647819 22.1111023321325 22.2222057680944 22.0000089005822 21.5555555555556 20.8888966161897 20.555562126792 20.3333321252017 20.1111019670672 20 19.8888968943398 20.444444444264 21.4444444442628 22.5555392490299 23 23 22.8888984500601 22.111118238643 21.2222378071979 20.4444432188412 19.6666739332749 20.111109850739 20.9999802341687 21.3333321078256 21 20.9999987743967 20.5555656210542 20.1111111111111 20.4444329969859 20.7777777777778 21.5555362330394 22.3333138717449 22.7777673472112 23.1110785071893 22.8889179200916 23.3333109513772 23.5555555554508 23.9999987745004 24.1111004372706 23 23.0000012428805 23.9999903951958 24.999980651322
32.9999923159995 32.3333556456758 32.777791007045 30.8889062468884 29.7777726493669 27.6666814692198 25.9999999999196 26.9999879788902 26.6666818169002 25.2222126521598 24.9999973922526 26.5555568679976 26.333341782096 25.3333405044235 24.7777739098233 24.6666653715256 23.8888936087757 23.3333320207207 23.111102384287 23 22.7777853136781 22.7777916417982 22.7777764652523 22.1111174910291 21.8888863333757 21.333341130173 21.2222195972638 20.8888876113142 20.4444616286136 20.3333333333333 21.3333159229863 21.8888969811681 22.3333264317979 23.1111028796648 23.8888876109411 23.3333333160458 22.7777764653514 21.777784905311 21 20.9999999999021 21.4444444443433 22.2222110181392 22.0000086659504 21.1111124062522 21 21 20.7777764999177 21.1111008371063 21.6666666666667 22.3333346456465 23.2222222221159 24.2222209443575 24.3333333333333 24.1111190558123 24 24 23.8888888888889 23.2222329658169 22.8888711483799 23.0000012776463 23.9999903951973 24.2222138430235
32.8889007535466 31.0000000002385 32.3333215555102 31.6666719689305 29.8889050215085 28.4444363783792 27.1111178648131 29.9999822594885 27.8889000148698 26.555559771126 26.0000056672537 26.5555373630592 26.0000000000872 25.7777764131872 25.0000072057751 25 24.2222268550962 24.2222121134284 24.1111084512891 23.222228341468 23 23 23 22.6666653367567 22 22 21.7777791249768 21.5555647864199 21.6666666666667 21.9999986699915 22.6666653194702 22.3333414603763 22.5555637173648 23.3333155234445 24 23.8888985892172 22.88891671222 21.7777680081148 21 21.8888862118898 22.5555442645549 22.9999999998969 22.5555615445076 21.4444544923481 21.7777588898721 21.5555542082612 21.2222146600846 21.7777764478678 22.6666576874803 23.5555528609668 24.1110811320362 25.6666456664548 25.5555555556674 25 24.8888995103511 24.777785844058 23.4444619069176 21.777799386324 21.7777805070202 22.8888807008022 24.2222098707958 24.444433440312
32.5555355724396 32.2222236389707 32.4444444269765 31.6666866499556 29.7777803332196 30.6666706910075 29.8888997190807 30.3333346979273 29.3333609566563 28.7777722322147 27.1111054788189 26.888890323017 26.444450163762 26.3333304997605 25.8888774850429 25.111109694279 24.1111096943722 24.7777704154526 24.6666727338501 23.333355785103 22.7777702245048 22.8888737125289 22.6666589394641 22.0000013819678 22 22 22.1111032447342 22.4444430103286 22.6666652673191 22.7777871647916 23 23 23 23.3333333333333 24 23.4444610812834 22.666666666771 21.3333586013528 20.7777791423505 22.4444274253629 23 23.333323285327 23.666665267219 23.3333204343868 23.4444416454388 22.3333319513798 21.5555616660905 21.9999910732958 23.3333243542518 24.1111020799875 24.0000013819498 25.2222158683052 25.4444564308047 25.4444301111653 25.6666880489854 26.3333225551975 25.3333413474614 21.8889102368043 21.2222074020656 23.2222222222222 24.9999999998805 25.3333236416093
33.333352794754 32.2222280111581 31.9999984964192 31.4444481560373 31.8888956424972 32.4444430450844 31.5555555904142 31.0000122817846 30.666666701345 30.8888958683983 29.8888944517473 28.9999985658744 28.9999985483978 27.8889017617292 27.2222178676087 25.3333478840526 23.6666768972374 24.1110978034764 24.7777852268351 23.4444608464109 22.666675689111 22.6666575921675 23.0000076576646 22.5555526699375 21.7777961701509 22.0000078141208 22.7777699287851 23.5555462028083 23.6666666666667 23.5555446470071 23.1111176996228 23 23 23.1111028796648 23.2222154076078 23 22.3333500394983 21.2222405190587 21.1111011500277 21.9999914902944 22.2222050294124 23.9999711856732 24.9999898998425 24.5555614227104 23.3333509088171 21.5555643782978 20.8888903578744 22.1110813928058 23.5555465592019 24.4444248959489 24.1111187254021 24.1111067215391 23.4444332753776 24.2222158161538 25.3333176353808 26.888868731948 26.6666840943689 24.2222477160803 22.6666556973083 24.2222030646492 26.6666445713678 27.2222275588873
31.5555970254481 29.2222060205044 29.4444265473936 30.4444354219155 32.3333169052665 31.1111245667086 31.2221972935159 30.6666735072808 29.3333386874823 30.6666457448996 30.6666706563219 31.2222307576244 31.555552583008 29.888901727146 28.4444501813307 25.4444736326118 22.2500098765624 24.3333096734393 26.5555660294218 23.2500353301488 22.9999886698096 23.2499897519603 24.555537267387 24.6666806000269 23.6666762104559 23.3333318468591 23.6666573139207 24.888860691894 25.2222207010857 24.4444509287581 24 23.5555636478196 23.2222401015017 23.0000164105152 23.1111095899723 23.0000083008697 22.1111361530242 21.4444444444444 22.2222007963022 22.7777546916506 23.3333216945413 24.7777777775457 25.6666738636172 25.3333303086777 23.7777938146242 21.3333671890417 20.6666666316568 22.6666487956458 24.7777372640834 25.5555555555556 25.6666666666667 25.1111202988157 24.1111111806518 25.0000078227757 24.1111032880847 25.7777684164828 26.8888998234758 26.3333144366446 26.3333513778255 26.3332729062693 29.2221680965281 31.1110873208366
30.6666909437663 29.666678200921 28.7778267486875 29.2221956071072 30.200025972062 29.1249881288703 30.8888580756127 32.888862160816 32.5555493666925 31.6666720556734 30.8889029005065 30.8888778673031 31.4444515981662 30.3333476926291 28.3333405740808 24.2222721152148 21.0000657907256 27 29.2499983475091 25.8333871285821 24 24.7777670776284 26.9999616416557 28.5555416568803 27.0000123773419 25.6666604605272 24.7777762043739 24.5555760253505 25.0000094744374 25 24.888885794571 24.3333317251596 24.1111013934093 23.7777777603946 24.0000067449585 24.3333203823592 23.8888925741828 23.6666619989436 23.6666635548513 24.3333201561358 25.5555321390146 26.6666564619692 27.2222120003822 26.8888754510542 25.5555715575029 24.2222248386101 23.2222102010978 24.33331973892 25.999968326211 25.7778096081505 25.4444459829677 23.0000015564201 21.9999784436152 22.4444444444444 23.4444366735672 25.555527453902 27.1111095552034 26.7777667561401 27.7777840359096 28.7777892424834 29.33332217249 30.888892018224
33.5000198993928 31.3999851362595 30.0000267146449 31.1110947094388 29.7142858260377 30.9999695292977 32.8571481322673 30.3333179395561 31.8888847341525 31.555562466002 31.9999865362328 29.7777988735739 30.4444214452587 30.2222453257091 27.6666867629576 24.5000326606753 -9999 -9999 29 -9999 -9999 27.4999658529706 31.6666184903471 33.7777636703869 33.444453240612 28.6666913867839 26.2222346693177 23.3333412345916 24.0000000005135 24.3749928224916 24.8888905142167 25.1111094856656 24.8888872983291 24.8888775109753 25.1111111108718 25.6666666665447 25.8888872635659 25.5555539474945 25.3333333332096 25.7777761520866 27.3333333329608 28.8888684277097 28.8888943389466 28.666663450671 28.1111270782827 27.8888663679161 26.1111184126085 25.8888816046402 27.7777534401368 28.3333350629549 26.3333648771557 22.3333564980401 21.8888721041335 24.9999625977994 24.99998701382 26.7777449565162 27.1111237755784 27.6666683094968 28.7777746139462 28.5555315566724 29.2222318266096 30.5555474193235
-9999 30.0002146985616 30.3332665328595 33.3999879998258 33.3333671191939 30.85715814459 29.9999895956295 31.6666411645148 32.0000182925625 31.3333299954156 33.33332637073 32.6666808347315 31.4444411239116 31.9999862056265 30.928565343345 -9999 -9999 36.0000741217093 32.3333951864709 30.9999674826367 -9999 -9999 -9999 33.7499937412728 35.5555478285983 34.5555723573667 31.3333693443216 27.666704233824 22.5714591812303 23 24.8888791536853 25.9999983919355 26.2222107053615 25.9999917858165 26.3333134633397 26.8888738947345 27.7777661217209 27.2222273072088 26.3333299956481 26.7777590463494 29.3333042928932 31.2221913654964 30.2222689593197 27.8888921574287 27.7777771524249 27.5555434127464 25.9999934290753 26.2221994228472 27.1111022018122 28.1110845916087 27.7777726757136 26.0000074667409 24.9999532018826 28.1110867121998 28.7777947881164 28.8888772327625 28.8888772675307 28.7777727968491 29.4444253390035 30.5555571982392 31.2222301840521 30.8888872462018
