data/raster/bioclim/future/ascii/bio3.asc
NCOLS 240 
NROWS 94 
XLLCORNER -180 
YLLCORNER -57.499992177 
CELLSIZE 1.5 
NODATA_value -9999 
[rows 0 to 27 of 94, columns 0 to 64 of 240]
-9999 -9999 -9999 -9999 -9999 -9999 -9999 -9999 -9999 -9999 -9999 -9999 -9999 -9999 -9999 -9999 -9999 -9999 -9999 -9999 -9999 -9999 -9999 -9999 -9999 -9999 -9999 -9999 -9999 -9999 -9999 -9999 -9999 -9999 -9999 -9999 -9999 -9999 -9999 -9999 -9999 -9999 -9999 -9999 -9999 -9999 -9999 -9999 -9999 -9999 -9999 -9999 -9999 -9999 -9999 -9999 -9999 -9999 -9999 -9999 -9999 -9999 9 8.66666666666667 8.66666666666667
-9999 -9999 -9999 -9999 -9999 -9999 -9999 -9999 -9999 -9999 -9999 -9999 -9999 -9999 -9999 -9999 -9999 -9999 -9999 -9999 -9999 -9999 -9999 -9999 -9999 -9999 -9999 -9999 -9999 -9999 -9999 -9999 -9999 -9999 -9999 -9999 -9999 -9999 -9999 -9999 -9999 -9999 -9999 -9999 -9999 -9999 -9999 -9999 -9999 -9999 -9999 -9999 -9999 -9999 -9999 -9999 9.99995306199997 9.5 9.40001877520001 9.8000093876 9.16668231266667 9.11109024977777 9.11109024977777 8.33333333333333 8.11112154177778
-9999 -9999 -9999 -9999 -9999 -9999 -9999 -9999 -9999 -9999 -9999 -9999 -9999 -9999 -9999 -9999 -9999 -9999 -9999 -9999 -9999 -9999 -9999 -9999 -9999 -9999 -9999 -9999 -9999 -9999 -9999 -9999 -9999 -9999 -9999 -9999 -9999 -9999 -9999 -9999 -9999 -9999 -9999 -9999 -9999 -9999 -9999 -9999 -9999 9 9.66666666666667 10 -9999 10 10 -9999 9.62498239824999 9.37498239824999 8.99997066374998 9.22222743755556 9.74998239824999 9.87500586725 9.85714956257143 9.75001173450001 10.142843732
-9999 -9999 -9999 -9999 -9999 -9999 -9999 -9999 -9999 -9999 -9999 -9999 -9999 -9999 -9999 -9999 -9999 -9999 -9999 -9999 -9999 -9999 -9999 -9999 -9999 -9999 -9999 -9999 -9999 -9999 -9999 -9999 -9999 -9999 -9999 -9999 -9999 -9999 -9999 -9999 -9999 -9999 -9999 7.49997653099999 8.33333333333333 9.16666666666667 9.4 -9999 -9999 9 9.66666666666667 9.85714285714286 9.99999413275 10 10.3333176873333 10.6666588436667 11 11.25 10.7999812248 10.1666197286666 10.3333255103333 10.6666666666667 10.74999413275 10.4444340137778 10.7777777777778
-9999 -9999 -9999 -9999 -9999 -9999 -9999 -9999 -9999 -9999 -9999 -9999 -9999 -9999 -9999 -9999 -9999 -9999 -9999 -9999 -9999 -9999 -9999 -9999 -9999 -9999 -9999 -9999 -9999 -9999 -9999 -9999 -9999 -9999 -9999 -9999 -9999 -9999 7 7 7 7 7.08333333333333 8.25 8.5 10 11 10 -9999 9 9.66666666666667 9.5 10 10.2500117345 10.3333333333333 11 11.4 11.8333333333333 11.999968708 11.6666744896667 11.6666744896667 11.6666588436667 10.75 10.714265598 10.999992177
-9999 -9999 -9999 -9999 -9999 -9999 -9999 -9999 -9999 -9999 -9999 -9999 -9999 -9999 -9999 -9999 -9999 -9999 -9999 -9999 -9999 -9999 -9999 -9999 -9999 -9999 -9999 -9999 -9999 -9999 -9999 -9999 -9999 -9999 -9999 -9999 -9999 -9999 -9999 8 7.5 8.33333333333333 8.33332551033333 8.49998435399999 9.55555555555556 10.49999413275 10.8571428571429 9.83333333333333 9.33332551033333 8.99998826549999 10 10 10.3333176873333 10.000007823 10.499992177 -9999 12 11.9999882655 12 11.5555607708889 11.62500586725 12 11.6666588436667 11.1666744896667 10.375
-9999 -9999 -9999 -9999 -9999 -9999 -9999 -9999 -9999 -9999 -9999 -9999 -9999 -9999 -9999 -9999 -9999 -9999 -9999 -9999 -9999 -9999 -9999 -9999 -9999 -9999 -9999 -9999 -9999 -9999 -9999 -9999 -9999 -9999 -9999 -9999 -9999 7.5 7.88888888888889 9.22220657622221 10.2857075802857 10.49999413275 10.9999906124 11.6666666666667 11 -9999 -9999 -9999 11 10.9999882655 11 -9999 11 10.8333255103333 11 11.5 11.5 11 11.000015646 11.25 11 12 12 12.3333333333333 10.3333646253334
-9999 -9999 -9999 -9999 -9999 -9999 -9999 -9999 -9999 -9999 -9999 -9999 -9999 -9999 -9999 -9999 -9999 -9999 -9999 -9999 -9999 -9999 -9999 -9999 -9999 -9999 -9999 -9999 -9999 -9999 -9999 -9999 -9999 -9999 -9999 -9999 9.75 9.77775691644443 10.2222065762222 10.87498239825 11.5999812248 11.875 11.9999947846667 11.9999947846667 11.75000586725 11.125 11 11 11 10.7500117345 11 11 11 11.00000586725 11.333343764 11.8333176873333 11.25 11.4285714285714 11 -9999 11.3750117345 11.7777829931111 12.2 11.62500586725 11.1111111111111
12.7499882655 12 -9999 -9999 -9999 -9999 -9999 -9999 -9999 -9999 -9999 -9999 14 14.3999812248 14.5 14.999976531 16.3333176873333 16.8333255103333 17 18 19 19 -9999 -9999 -9999 -9999 -9999 -9999 -9999 -9999 -9999 -9999 -9999 -9999 14 14 -9999 11 11.999976531 12 -9999 13 13.1666588436667 13.333328118 12.5555503402222 11.9999947846667 11.3333333333333 11.0000052153333 11 11 11 11.3333333333333 12 -9999 12 12 11.4444392291111 10.7777829931111 11 -9999 11 11.7500117345 11.37501760175 11.7777725624444 11.6666666666667
14 -9999 -9999 -9999 -9999 -9999 -9999 -9999 -9999 14 15 15 15.1111058957778 15.5555451248889 15.999984354 16.7777673471111 18.2222065762222 18.7777621317778 18.3333333333333 19.4444392291111 20.8888784582222 20.8888784582222 19.5555503402222 17.8888732428889 16.9999895693333 17.6249882655 18.3333098643333 18 17.3333333333333 16.3999906124 16.1666353746667 15.499992177 15 15.4444392291111 15.6666510206667 15.49999413275 15.1428504374286 15 15.3333176873333 15.8333255103333 15.4 17.3333176873333 16.4999882655 14.75 13.49999413275 12.6666666666667 12.4444340137778 12.12499413275 11.8571361517143 11.50000586725 11.49999413275 11.875 12 12 12.8 12.7857142857143 12.2499882655 11.7142723034286 11.2857075802857 11.25 11 11.000046938 -9999 11.50000586725 11.8571428571429
14 14 13.6666666666667 14 -9999 -9999 -9999 -9999 -9999 14.3333333333333 15.7142723034286 16.2222065762222 16.4444444444444 16.9999947846667 17.5555503402222 18.3333229026667 19.5555451248889 20.7777621317778 20.8888836735556 21 22.4444496597778 22.5555503402222 20.333328118 19.0000052153333 19.5555451248889 19.666656236 19.1111058957778 18.7777777777778 18 17 17.4444392291111 17.7777725624444 17.333328118 16.999984354 16.7777725624444 16.8888784582222 16.3333333333333 15.9999895693333 15.9999947846667 15.8888888888889 15.5555451248889 16.3333333333333 16.4444548751111 15.49999413275 14.999968708 14.6 14 13.8 13.125 12.6666666666667 12.8571361517143 13 13 13 13 13 13 12.2222274375556 11.8888888888889 11.7777621317778 11.2222222222222 11.8 11.75000586725 11.5555503402222 12.3333333333333
14.1428571428571 14.333328118 14.6666666666667 15.6249882655 15.6666510206667 15.2499882655 15 -9999 16 17.3999906124 18.3333176873333 17.75 18.25 18.666656236 18.3333333333333 18.9999947846667 20.3333385486667 21.9999947846667 21.8888993195556 21.5555451248889 22.1111163264444 20.8889045348889 19.7777777777778 19.8888784582222 20.8888732428889 21.333328118 20.7777725624444 20.8888836735556 19.666656236 18.333328118 18.5555399095555 18.999984354 18.7777673471111 18.3333229026667 17.9999895693333 18.5555346942222 17 16 16 16 15.5555503402222 15 15.5555555555556 15.1111058957778 14.8888941042222 15.1111111111111 15.2222117915555 14.666671882 14.12499413275 13.7777725624444 13.6666614513333 13.6666614513333 13.6666666666667 13.5555503402222 13.6666666666667 13.4444496597778 12.9999947846667 12.6666666666667 12 11.8888941042222 12.0555503402222 12.4444287984444 12.9999865891428 13.1428638482857 13.6666666666667
15 -9999 16 16.999992177 17.5714151605714 17.6666666666667 -9999 -9999 16.5 18.8333176873333 19.5 19.3333255103333 19.9999932945714 19.7777725624444 19.3333229026667 19.3333176873333 20.6666666666667 21.4444340137778 20.7777882084444 22.1111215417778 22.333328118 20.7777412704444 20.5555451248889 22.2222117915555 22.6666510206667 21.8888941042222 20.8889045348889 20.7777882084444 20.8888836735556 20.4444340137778 20.6666458053333 20.8888784582222 20.9999895693333 20.3333176873333 19.9999895693333 19.6666666666667 17.1111163264444 16.333328118 16.1111111111111 16.4444340137778 16.3333229026667 16.3333229026667 16.5555451248889 16.2222065762222 15.8888784582222 16 16 15.1111111111111 14.8888888888889 14.5555503402222 14.5555451248889 14.666656236 14.666656236 14.5555503402222 14.3333333333333 14.333328118 14 13.4444392291111 12.7777777777778 12.6666666666667 13.1111006804444 13.714265598 14.5 14.8749882655 15.8333176873333
-9999 -9999 -9999 -9999 -9999 21 20 19.5 -9999 -9999 21.9999882655 22.499976531 22.2857008748571 21.5555451248889 20.9999895693333 21.3333176873333 22.4444235831111 22.999984354 22.2221909302222 23.1110902497778 23.6666614513333 24 23.333312472 23.5555503402222 22.9999947846667 20.6666666666667 19.8888888888889 19.2222170068889 20.2222222222222 21.1111111111111 22.333312472 22.5555399095555 22.6666614513333 22.6666458053333 21.3333229026667 19.8888888888889 18.2222222222222 17.2222222222222 17.2222170068889 17.5555503402222 17.9999895693333 18.2222117915555 18.1111058957778 17.1111058957778 16.6666614513333 16.4444392291111 15.7777829931111 15.1111058957778 15.1111058957778 15.1111111111111 15.1111163264444 15 15 15 15.3333176873333 15 15 14.1111058957778 13.8888836735556 13.500007823 -9999 -9999 15.3333176873333 16.3999906124 17.6666666666667
-9999 -9999 -9999 -9999 -9999 -9999 -9999 -9999 -9999 21.9999906124 22.8888784582222 23.1111111111111 22.9999895693333 22.9999947846667 23.2222117915555 23.6666666666667 25.3333176873333 27.1111006804444 27.2221909302222 26.4444340137778 26.1110850344444 26.1111111111111 26.5555503402222 24.9999947846667 24.1110954651111 22.5555451248889 22.2222013608889 22.5555346942222 22.6666510206667 23.3333229026667 23.9999895693333 24.1110902497778 24.4444392291111 24.3333333333333 22.333328118 20.666671882 19.999984354 18.8888784582222 18.7777621317778 19.4444235831111 19.8888732428889 20.2222117915555 19.6666458053333 18.4444287984444 18.2222117915555 17.6666614513333 16.6666614513333 15.8888941042222 16 16.1111058957778 16 16 15.8888836735556 15.9999947846667 16 16 15.7777829931111 15.1428571428571 14.499976531 -9999 -9999 -9999 -9999 -9999 17.3333333333333
-9999 -9999 -9999 -9999 -9999 -9999 -9999 -9999 23 23.6666666666667 23.5714285714286 23.8571294462857 23.7777777777778 24.5555399095555 24.8888784582222 25.5555503402222 27 29.9999947846667 28.8333489793333 28.3333229026667 26.9999932945714 27 28.3333176873333 29.3999624496 27.1666275516666 25.999960885 26.5555294788889 26.7777673471111 26.8888732428889 25.8888680275555 25.4444392291111 24.666656236 26.1111006804444 24.8888993195556 22.3333333333333 21.8888836735556 22.2222065762222 21.1110902497778 20.8888732428889 20.7777725624444 20.8888888888889 21.2222326528889 21.5555451248889 20.2222117915555 19.9999947846667 19.8888784582222 18.2222222222222 17.3333176873333 17.3333176873333 17.3333229026667 16.7777777777778 16 16 16.1111111111111 16.5555503402222 16.8888732428889 16.3888888888889 16 -9999 -9999 -9999 -9999 -9999 -9999 -9999
-9999 -9999 -9999 -9999 -9999 -9999 -9999 -9999 -9999 -9999 -9999 -9999 25 25.1999906124 25.999992177 27.3333176873333 28.8888680275555 31.3999906124 30.5 29.5 -9999 -9999 -9999 -9999 -9999 -9999 -9999 29.3333489793333 29.2857008748571 27.8888888888889 27.9999947846667 27.000015646 27.6666614513333 26.9999791386667 25.2222117915555 25.5555346942222 26.2221961455555 23.8888836735556 23.2222065762222 22.1111111111111 21.8888836735556 23.1111006804444 21.8888888888889 21.4444287984444 21.999984354 21.4444392291111 20.1111058957778 18.9999947846667 18.8888784582222 19.1110954651111 17.6666614513333 16.666671882 16.4444392291111 17.2222170068889 17.666656236 17.6666666666667 17.4444340137778 17 -9999 -9999 -9999 -9999 -9999 -9999 -9999
-9999 -9999 -9999 -9999 -9999 -9999 -9999 -9999 -9999 -9999 -9999 -9999 -9999 -9999 27.4 28.4285580177143 29 30.3333333333333 30 -9999 -9999 -9999 -9999 -9999 -9999 -9999 -9999 -9999 -9999 32.3333333333333 30.214265598 29.3333333333333 29.333312472 29.7777569164444 28.5555503402222 27.666671882 26.3333385486667 25.4444392291111 24.7777517011111 22.7777621317778 22.1111215417778 24.2222222222222 24.5555451248889 23.6666614513333 23.5555399095555 23.4444235831111 22.1110954651111 20.666656236 20.5555451248889 19.9999895693333 19.2222170068889 18.9999791386667 18.2222117915555 19 19.3333229026667 19.6666458053333 19.1111006804444 18.5555503402222 18.5999906124 18 18 -9999 -9999 -9999 -9999
-9999 -9999 -9999 -9999 -9999 -9999 -9999 -9999 -9999 -9999 -9999 27.5 26.999992177 26.3333255103333 27 -9999 -9999 -9999 -9999 -9999 -9999 -9999 -9999 -9999 -9999 -9999 -9999 -9999 -9999 -9999 31.8333176873333 30.8888888888889 30.25 29.8888888888889 29.2222378682222 29.3333229026667 27.9999895693333 27.1111006804444 26.4444340137778 25.7777517011111 24.8888680275555 25.4444392291111 27.1111006804444 25.1110954651111 25.666656236 25.5555607708889 23.8888784582222 22.2222013608889 21.9999895693333 21.8888888888889 21.6666666666667 21.5555503402222 20.7777673471111 20.8888888888889 21.1111058957778 20.8888836735556 20 19.7777725624444 19 18.666656236 18.4444392291111 19 19.5 20 20
-9999 -9999 -9999 -9999 -9999 -9999 -9999 -9999 24.999953062 25 26.5 27.5 -9999 -9999 -9999 -9999 -9999 -9999 -9999 -9999 -9999 -9999 -9999 -9999 -9999 -9999 -9999 -9999 -9999 -9999 -9999 30.6666823126667 30.6666666666667 30.000015646 27.8889253962222 30.6666666666667 31.1111058957778 31.3333072566667 29.6666458053333 29.2222117915555 28.8888888888889 31.333296826 31.4444079371111 28.4444183677778 26.6666614513333 26.8888888888889 25.1111006804444 24.9999947846667 24.4444392291111 23.9999895693333 23.1111111111111 21.7777673471111 20.7777777777778 20.333328118 20 20 20 19.9999947846667 19.5555503402222 19.1111058957778 18.8888888888889 18.3333229026667 19 19.4444392291111 20
-9999 -9999 -9999 -9999 -9999 -9999 -9999 25 25 -9999 -9999 -9999 -9999 -9999 -9999 -9999 -9999 -9999 -9999 -9999 -9999 -9999 -9999 -9999 -9999 -9999 -9999 -9999 -9999 -9999 -9999 31.999953062 32.499976531 30.6666666666667 27.7143259468572 31.6666510206667 34.9999739233333 35.4444340137778 32.8888836735556 30.666671882 28.7777986391111 30.2222535142222 33.0000104306667 32.7777725624444 28.1111058957778 26.2222222222222 25.3333333333333 24.6666614513333 25.2222222222222 24.6666770973333 23.6666666666667 23.7777777777778 23.3333385486667 22.1110902497778 20.9999947846667 20.333328118 21.2222170068889 21.6666510206667 21.2222065762222 20.9999791386667 20.4444235831111 19.8888732428889 20.3333229026667 20.9999947846667 21.5555451248889
-9999 30 30 -9999 -9999 -9999 -9999 -9999 -9999 -9999 -9999 -9999 -9999 -9999 -9999 -9999 -9999 -9999 -9999 -9999 -9999 -9999 -9999 -9999 -9999 -9999 -9999 -9999 -9999 -9999 -9999 -9999 -9999 -9999 32.249976531 33.3333385486667 35.5555712015556 35.5555607708889 31.5555242635555 31.0000104306667 29.5555451248889 28.5555451248889 30.4444496597778 32.0000052153333 30.66664059 28.7777569164444 27.8888784582222 25.6666614513333 25.666671882 25.4444183677778 24.5555399095555 24.5555451248889 24.3333385486667 25.1110954651111 24.999984354 24.5555294788889 23.2222326528889 23.1111163264444 22.7777725624444 23.5555294788889 23.7777569164444 22.333312472 22.999984354 23.333328118 22.9999947846667
-9999 -9999 -9999 -9999 -9999 -9999 -9999 -9999 -9999 -9999 -9999 -9999 -9999 -9999 -9999 -9999 -9999 -9999 -9999 -9999 -9999 -9999 -9999 -9999 -9999 -9999 -9999 -9999 -9999 -9999 -9999 -9999 -9999 -9999 36 35.7999624496 35.125023469 32.4285848394286 32.5555190482222 32.7777777777778 32.1110746037778 30.2221857148889 30.8888888888889 33.5555399095555 32.8888836735556 31.2222013608889 30.1110902497778 29.8888628122222 28.6666458053333 27.6666510206667 27.6666458053333 26.9999791386667 26.4444287984444 26.8888732428889 25.666671882 24.7777777777778 23.4444340137778 22 23.666656236 25.3333229026667 26.1111111111111 24.6666770973333 25.4444340137778 25.5555503402222 24.7777673471111
-9999 -9999 -9999 -9999 -9999 -9999 -9999 -9999 -9999 -9999 -9999 -9999 -9999 -9999 -9999 -9999 -9999 -9999 -9999 -9999 -9999 -9999 -9999 -9999 -9999 -9999 -9999 -9999 -9999 -9999 -9999 -9999 -9999 -9999 -9999 -9999 37 38.9999882655 37.37505280525 33.7777464857778 34.7777725624444 34.4444392291111 35.8888523815555 35.7777673471111 34.4444235831111 34.4444235831111 33.5555399095555 33.1111058957778 31.9999791386667 29.8888784582222 30.1111006804444 28.6666510206667 27.5555659862222 27.3333333333333 26.333328118 25.6666666666667 26.4444340137778 26.2221961455555 26.4444392291111 27.0000052153333 26.3333385486667 24.8888888888889 25.6666614513333 26.5555712015556 26.5555607708889
-9999 -9999 -9999 -9999 -9999 -9999 -9999 -9999 -9999 -9999 -9999 -9999 -9999 -9999 -9999 -9999 -9999 -9999 -9999 -9999 -9999 -9999 -9999 -9999 -9999 -9999 -9999 -9999 -9999 -9999 -9999 -9999 -9999 -9999 -9999 -9999 -9999 44.3333098643333 40.8888993195556 36.4443766451111 36.999968708 38.9999582773333 38.7777725624444 38.9999791386667 38.2222065762222 37.2222065762222 37.8888941042222 36.999984354 35.2222065762222 32.5555555555556 32.1110954651111 30.4444392291111 28.9999947846667 27.5555555555556 27.2222117915555 25.5555503402222 25.5555712015556 26.4444496597778 26.0000052153333 26.5555607708889 27.3333333333333 26.6666614513333 26.5555451248889 25.7777777777778 25.2222430835556
-9999 -9999 -9999 -9999 -9999 -9999 -9999 -9999 -9999 -9999 -9999 -9999 -9999 -9999 -9999 -9999 -9999 -9999 -9999 -9999 -9999 -9999 -9999 -9999 -9999 -9999 -9999 -9999 -9999 -9999 -9999 -9999 -9999 -9999 -9999 -9999 -9999 46.1666823126667 41.1110693884444 41.5555086175555 41.7777517011111 40.7777673471111 41.5555086175555 41.7777673471111 40.0000104306667 37.8889149655556 39.5555764168889 37.7777673471111 37.333328118 34.8888732428889 33.999984354 32.1111006804444 29.333328118 28.3333333333333 26.9999947846667 25.7777777777778 24.666656236 25.1111163264444 25.7777829931111 26.3333333333333 26.8888836735556 26.33335941 25 27.7777673471111 25.333328118
-9999 -9999 -9999 -9999 -9999 -9999 -9999 -9999 -9999 -9999 -9999 -9999 -9999 -9999 -9999 -9999 -9999 -9999 -9999 -9999 -9999 -9999 -9999 -9999 -9999 -9999 -9999 -9999 -9999 -9999 -9999 -9999 -9999 -9999 -9999 -9999 -9999 47.1428303211428 43.7777673471111 45.3333489793333 43.5555399095555 41 39.8888836735555 41.0000052153333 38.4444496597778 37.2222430835556 40.4444653057778 38.4444496597778 36.4444496597778 35.4444548751111 35.4444340137778 34.4444392291111 32.4444235831111 30.666656236 27.4444444444444 26.5555451248889 25.4444392291111 25.2222117915555 25.7777725624444 26.7777934237778 26.333328118 24.2222222222222 26.8888836735556 28.1111163264444 26.8888836735556
-9999 -9999 -9999 -9999 -9999 -9999 -9999 -9999 -9999 -9999 -9999 -9999 -9999 -9999 -9999 -9999 -9999 -9999 -9999 -9999 -9999 -9999 -9999 -9999 -9999 -9999 -9999 -9999 -9999 -9999 -9999 -9999 -9999 -9999 -9999 -9999 -9999 48.5000117345 44.9999895693333 44.7777673471111 44.1111267571111 43.666671882 43.5555346942222 41.1110902497778 38.4444548751111 38.33335941 39.7777934237778 37.2222117915555 34.8888732428889 37.666656236 38.6666510206667 36.4444287984444 34.7777777777778 31.8888784582222 29.7777621317778 28.4444287984444 27.4444287984444 26.9999947846667 27.3333229026667 27.2222170068889 27.999984354 26.1110850344444 27.2222170068889 28.333328118 26.1111163264444
