data/raster/bioclim/future/ascii/bio3.asc
NCOLS 240 
NROWS 94 
XLLCORNER -180 
YLLCORNER -57.499992177 
CELLSIZE 1.5 
NODATA_value -9999 
[rows 28 to 55 of 94, columns 130 to 194 of 240]
30.2222743755556 33.2500117345 32.000046938 32.8888784582222 33.1111111111111 31.12499413275 31.499992177 32.8571495625714 33.8571361517143 32.5999906124 33.999968708 32.9999947846667 32.4444392291111 33.999968708 33.749976531 33.6666119056666 33.1666588436667 33.875 32.8889201808889 33.2222170068889 32.1110954651111 29.666671882 26.3333176873333 23.2857142857143 25.6666510206667 26.8888888888889 27.2222222222222 27.999984354 28.7777621317778 29.8888836735556 31.1110954651111 31.8888680275555 31.2221961455555 31.3333020413333 33.2222013608889 34.2222170068889 31.6666823126667 30.4444496597778 30.1110954651111 26.2222274375556 24.7777725624444 26.2222013608889 28.9999791386667 31.3333229026667 32.1111111111111 32.1111111111111 31.7777725624444 32.2222065762222 33.6666666666667 33.8888680275555 33.8888523815555 34.1110954651111 34.7777517011111 34 33.1111111111111 30.6666823126667 30.1111111111111 29.6666666666667 29.1111111111111 27.7777725624444 27.2222117915555 26.8888836735556 26.7777725624444 26.0000052153333 26.3333229026667
29.999953062 30.5 29 35.1999812248 35.1110850344444 33.4 -9999 33.2499882655 36.5555294788889 35.999968708 33.4444027217778 32.7777829931111 33.333328118 35.5555346942222 34.5555712015556 31.666687528 31.5555607708889 30.7777829931111 30.7777829931111 31.6666666666667 31.666656236 28.999984354 26.8888575968889 25.6666510206667 27.5 28.8749882655 29.2222013608889 29.4444287984444 30.4444287984444 31.5555451248889 32.7777777777778 34.9999791386667 36.4444183677778 34.999984354 35.1111111111111 32.5555659862222 30.5555451248889 27.9999895693333 26.000015646 25.5555555555556 28.5555503402222 30.2222065762222 30.3333229026667 30.8888993195556 32.3333385486667 33.5555503402222 33.8888836735556 34.6666666666667 35.333328118 36.3333229026667 37.6666510206667 38.6666301593333 38.3333176873333 36.1111006804444 33.5555607708889 31.6666510206667 31.2222222222222 30.7777725624444 29.7777725624444 28.9999947846667 28.7777725624444 28.4444392291111 28.3333176873333 27.9999791386667 28.8888836735556
32.1999718372 -9999 -9999 33.5 37.499976531 34.2 29 33 38.2856941694286 36.7777412704444 34.8888680275555 33.9999895693333 35.4444861671111 34.4444287984444 33.8888784582222 31.5555190482222 32.7777308397778 33.1110693884444 30.1111058957778 28.5555451248889 31.8888888888889 33.7777360551111 31.9999322006666 32.142796794 -9999 34.1666431976667 36.4444079371111 36.1110693884444 35.6666197286666 34.8888575968889 35.2222170068889 36.666656236 37.2222326528889 35.7777777777778 35.9999895693333 36 34.1111111111111 26.6666979586667 24.999968708 24.8888836735556 26.33335941 30.3333489793333 30.2222222222222 29.5555712015556 32.1111163264444 34.4444392291111 35 35.5555503402222 37.1111163264444 38.4444392291111 38.7777882084444 38.3333385486667 36.7777882084444 34.1111215417778 32.4444444444444 31.8888888888889 32 31.5555503402222 29.7777777777778 29.333343764 29.8888784582222 29.7777777777778 29.7777725624444 29.9999947846667 29.5555607708889
36 -9999 -9999 -9999 -9999 34 -9999 -9999 35.000046938 37.7499882655 37.000023469 34.4998709204999 34.9999155116 35.3333489793333 34.666687528 38.3333176873333 38.5555399095555 35.5555399095555 35.8888471662222 33.4443922911111 33.9999895693333 36.7777621317778 37.7777829931111 37.999984354 36.3333333333333 37.8888680275555 38.0000104306667 38.8888784582222 40 40.8888680275555 39.5555138328889 37.7777777777778 37.6666666666667 37.1110850344444 36.2222065762222 34.5555659862222 29.1111789104445 25.4444757364445 24.2222274375556 26.8888106588888 25.0000104306667 27.6666666666667 29.0000104306667 29.5555399095555 31.333328118 33.1111215417778 34.1111163264444 34.7777986391111 35.666671882 36.3333541946667 36.5555764168889 35.666671882 33.5555764168889 31.8888888888889 30.7777829931111 30.4444600904445 31.7777777777778 33.4444287984444 31.3333072566667 28.4444548751111 28.8888941042222 28.6666823126667 28.1111319724445 28.4444496597778 28.7777934237778
-9999 -9999 -9999 -9999 -9999 31.999953062 30.999968708 29 -9999 -9999 -9999 39.9997653099999 40.6665884366666 37 37.5555712015556 39.1111111111111 39 38.8888732428889 37.6666614513333 37.2221961455555 36.7777412704444 38.8888784582222 38.6666614513333 35.6666770973333 37.1111163264444 37.66664059 38.2222222222222 39.3333333333333 40.8888888888889 41.4444496597778 40.9999947846667 39.2222117915555 38.6666666666667 38.666687528 36.1110746037778 34.2222170068889 33.4443453531111 32.9999791386667 33.333296826 28.1111424031111 24.2222378682222 29.5555346942222 30.7777569164444 30.5555451248889 30.8888888888889 32.4444496597778 33.2222326528889 33.3333489793333 33.7777882084444 34.1111111111111 34.4444496597778 34.4444496597778 32.2222222222222 30.7777777777778 30.333328118 30.3333333333333 31.8888836735556 35.8888680275555 35.2222065762222 30.66664059 27.7777725624444 26.7777934237778 25.8888888888889 25.8888888888889 28.6666458053333
-9999 -9999 -9999 -9999 44.999984354 -9999 -9999 -9999 -9999 -9999 -9999 -9999 -9999 37.400046938 41.0000104306667 41.4444287984444 40.7777777777778 40.4444548751111 39.5555503402222 39.5555503402222 39.8888732428889 39.1111371877778 38.3333229026667 37.5555503402222 36.7777725624444 36.6666666666667 37.2222326528889 39.3333333333333 41.5555503402222 42 40.4444392291111 39.3333385486667 38.9999739233333 39.7777569164444 37 35.5555346942222 37.4444235831111 37.3333333333333 39.2221961455555 36.4444287984444 32.6665571446666 32.333328118 33.4444392291111 33.5555294788889 32.999984354 32.5555399095555 32.2222170068889 32 31.5555764168889 31.8888993195556 31.8888941042222 32.0000052153333 31.333343764 30.3333333333333 32 32.8888628122222 33.9999739233333 37.7777621317778 39.3333020413333 35.6666145133333 28.2222326528889 25.8888888888889 26.3333385486667 28.6666927433333 29.333343764
42.75 -9999 -9999 43.8333020413333 46.4444340137778 44.9999882655 43.1999436744 40.999968708 41 -9999 44.3332863953333 40.999953062 41 42.99999413275 42.4444340137778 38.5555816322222 37.8889097502222 38.4444653057778 38.3333489793333 37.5555712015556 38.0000104306667 36.4444548751111 36.6666666666667 36.1111215417778 37.0000052153333 37.5555451248889 37.5555503402222 40.3333333333333 40.6666770973333 41.33335941 40.1111163264444 40.2222222222222 40.7777725624444 40.7777829931111 39.7777673471111 38.333312472 40.3333229026667 40.7777673471111 39.7777777777778 38.1111058957778 37.2222013608889 34.7777412704444 34.3333333333333 34.333343764 34.66664059 33.666656236 33.2222117915556 32.999984354 31.7777725624444 31.7777673471111 31.4444392291111 31.8888732428889 32.4444392291111 32.7777569164444 35.1111111111111 37.2221752842222 37.7777725624444 39.5555503402222 40.1111319724445 32.6666353746666 26.8889097502222 26.3333541946667 26.4444705211111 28.4444287984444 28.0000208613333
45.1111006804444 44.999968708 47.8333411563333 49.87499413275 47.7777725624444 46.333328118 45.3333229026667 44.5555294788889 43.7777412704444 43.8888523815555 47.4444340137778 43.8888732428889 41.4444287984444 42.5555659862222 42.333343764 38.8888784582222 36.1111163264444 36.666656236 37.3333333333333 37.1111058957778 36.666671882 35.4444600904445 35.1666744896667 32.0000536434286 35.8889253962222 38.7777725624444 39.1111111111111 40.2222274375556 39.0000104306667 38.7777882084444 39.8888732428889 39.4444496597778 41.1111163264444 42.7777725624444 41.8888941042222 41.9999739233333 40.6666666666667 39.5555607708889 39.3333385486667 40.3333229026667 39.9999895693333 36.7777777777778 33.5555034022222 33.4444392291111 35.8888888888889 37.666656236 37.9999582773333 37.9999634926666 37.1110746037778 37.2221700688889 36.8888575968889 37.2221909302222 38.3332916106666 38.333312472 39.3333020413333 41.1111058957778 41.2221961455555 40.7777673471111 31.5555816322222 25.6666614513333 23.7777725624444 24.4444600904445 26 26.0000208613333 25.8889045348889
46.666671882 47.8888836735555 48.3333489793333 48.1111267571111 46.7777829931111 46.3333333333333 46.7777777777778 46.7777829931111 46.1111111111111 46.3333229026667 47.2222117915555 44.5 41.00001760175 41.5555659862222 41.7777777777778 39.7777777777778 37.9999739233333 37.9999791386667 38.3333229026667 37.4444496597778 36.4444444444444 33.8888888888889 32 27.000046938 32.24997066375 37.4444600904445 37.4444757364445 37.2222430835556 36.0000052153333 36.1111215417778 39.6666927433333 38.2222222222222 39.5555555555556 42.4444496597778 42.5555294788889 38.2222326528889 38.1111215417778 38.8888888888889 37.5555764168889 39.0000104306667 39.5555555555556 35.4444548751111 34.1111111111111 34.0000052153333 36 41.0000052153333 44.3333229026667 44.66664059 43.8888680275555 43.4444235831111 44.4444131524444 45.9999634926666 44.9999791386667 43.5555294788889 43.8888628122222 43.1111215417778 43.8888836735555 44.4444496597778 37.8888419508889 29.5555242635555 26.2222065762222 25.8888628122222 27.2222117915555 27.5555294788889 24.2222222222222
45.3333489793333 47.3333333333333 47.6666666666667 46.7777725624444 45.7777934237778 45.6666666666667 46.3333333333333 46.7777882084444 47 47.333328118 47.5555555555556 45.2222222222222 41.8333255103333 41 42.2222065762222 41.999984354 41.1111006804444 40.8888732428889 39.7777673471111 38.3333229026667 36.8888888888889 34.4444444444444 31.25 28.999953062 31.5 35.3333176873333 35.5555607708889 33.714312536 33.1111111111111 35.333343764 38.9999895693333 40.2222117915556 41.6666353746666 43.8888784582222 44.1111058957778 40.3333229026667 39.7777464857778 39.1111058957778 36.5555451248889 36.6666614513333 37.1111319724445 35.1111058957778 34.4444392291111 34.5555451248889 35.5555659862222 38.5555816322222 42.0000208613333 44.4444913824445 46.6666510206667 45.7777986391111 46.2222274375556 46.8888888888889 45.2222274375556 43.7777725624444 45.3333229026667 44.9999895693333 45.6666614513333 46.0000104306667 43.5555451248889 36.8888523815555 29.9999947846667 29.2222117915555 29.333312472 27.6666666666667 25.7777725624444
45 46.4444600904445 46.7777829931111 45.7777934237778 44.666671882 44.3333385486667 45 46.2222222222222 47 46.7777829931111 46.4444444444444 47.5555451248889 44.0555294788889 43 45.5999624496 45.7777569164444 44.9999739233333 43.2222170068889 41.1111058957778 38.8888836735555 38.2222065762222 36.5555399095555 33.8888471662222 31.249984354 31.999953062 -9999 -9999 37.999937416 32.8000093876 34.8571495625714 39.12500586725 43.666656236 45.999984354 47.7777673471111 45.99999413275 43.6666614513333 43.7777569164444 40.7777569164444 38.4444340137778 36.3333385486667 36.1111163264444 36.7777673471111 35.333328118 34.7777673471111 34.4444496597778 35.3333489793333 36.2222482988889 38.8889253962222 42.1111371877778 43.0000260766667 43.333328118 45.3333229026667 46.6666614513333 46.5555659862222 45.5555503402222 46 45.6666614513333 45.1111111111111 43.8888941042222 40.1111267571111 35.5555242635555 33.9999478466666 32.7777673471111 31.5555294788889 28.8888575968889
45.5555607708889 46.5555555555556 46.3333333333333 45.7777673471111 44.3333333333333 43.3333229026667 44.7777673471111 46.4444444444444 47.4444444444444 47.333328118 46.9999947846667 47.4444496597778 46.333328118 46.1999812248 49 49.5714151605714 48.8888628122222 45.66664059 42.5555451248889 40.4444340137778 39.5555555555556 38.1111111111111 36 34.8888628122222 35.8333176873333 38.6666510206667 41.1428370265714 41.62498239825 37 -9999 -9999 -9999 -9999 -9999 44 44.1111163264444 45.4444496597778 44.6666458053333 42.333296826 39.9999634926666 39.5555346942222 39.8888836735555 37.2222117915556 36.333328118 35.1111058957778 34.9999947846667 35.2222170068889 37 40.7777829931111 41.3333385486667 42.0000052153333 46.5555712015556 45.6666823126667 45.0000208613333 45.333328118 47.1111006804444 46.5555399095555 45.9999947846667 44.8888784582222 42.1111006804444 39.3333229026667 36.3333229026667 34 34.7777621317778 35.3333072566667
46.4444340137778 47 46.8888888888889 46.5555451248889 45.6666510206667 45.1111058957778 46.3333176873333 47.8888784582222 48.7777777777778 48.3333333333333 47.1111163264444 46.4444548751111 47.3333229026667 48.4999882655 50.999953062 52.999953062 51.7777725624444 46.7777725624444 43.5555503402222 41.333328118 39.8888836735555 38.7777725624444 37.999984354 37.999968708 38.5555451248889 40.333328118 41.5555607708889 40.5555607708889 36.666656236 39.8332707493333 -9999 -9999 -9999 -9999 -9999 44 45 46.1111006804444 45.2222065762222 44.5555190482222 43.8888575968889 41.5555451248889 38.6666510206667 38.8888575968889 36.4444392291111 36.4444287984444 37.4444287984444 38.4444340137778 40.2222326528889 40.6666927433333 40.6666666666667 44.625 43.5555607708889 44.1111111111111 45.3333333333333 48.1111111111111 50.1110850344444 48.7777673471111 46.6666666666667 42.2221857148889 39.6666614513333 37.5555503402222 34.8888888888889 37.333328118 37.7777986391111
47.8888836735555 48.333328118 48.7777621317778 48.4444340137778 48.2222117915555 48.3333176873333 48.9999791386667 49.9999895693333 50.666656236 50.4444287984444 48.999984354 48.8888628122222 50.3333020413333 50.4444392291111 50.5714352768571 -9999 53.0000117345 47.8888888888889 44.9999947846667 42.0000052153333 40.1111111111111 39.6666614513333 39.4444392291111 39.8888680275555 40.6666510206667 41.8888784582222 42.5555451248889 42.8888628122222 43.7777517011111 45.9999812248 -9999 -9999 -9999 -9999 -9999 -9999 47.999984354 47.74998239825 48.5714151605714 49.7777725624444 46.666656236 44.1111058957778 42.1111006804444 39.7777777777778 38.3333229026667 38.7777725624444 39.1111058957778 40.5555503402222 39.000031292 39 39 43.4000093876 42.8888888888889 45.1111163264444 47 51.4444183677778 53.9999791386667 52.9999947846667 51.3333176873333 45.4444131524444 39.4444600904445 38.1428504374286 35.999984354 34.750023469 35.6666823126667
49 49.4444392291111 49.999984354 50.666656236 52.1110746037778 51.9999947846667 51.8888732428889 52.1111111111111 52.333328118 52.4444392291111 52.1110902497778 51.7777725624444 52.1111058957778 51.9999947846667 48.0555555555556 -9999 51.999953062 51.62498239825 48.8888628122222 44.9999791386667 41.8888732428889 40.8888784582222 40.5555659862222 41.4444287984444 42.4444392291111 44.2222065762222 45.5555346942222 47.2221909302222 49 -9999 -9999 -9999 -9999 -9999 -9999 -9999 -9999 -9999 53.3999906124 51.9999947846667 48.5555503402222 45.8888784582222 43 41.4444287984444 42.3333020413333 42.1110798191111 43.374976531 43.3999906124 -9999 -9999 -9999 -9999 45.2857008748571 45.4444340137778 48.8888993195556 52.5555399095555 54.8888941042222 55.5555451248889 53.6666666666667 49.333312472 40.4285647231429 -9999 43.999976531 40.6428034994285 -9999
50.2222065762222 50.3333333333333 50.9999739233333 53.5555399095555 56.333296826 55.5555346942222 54.4444287984444 53.7777725624444 53.5555607708889 53.5555555555556 52.666656236 51.4444340137778 51.8888888888889 54.6666510206667 52.7777464857778 49.8999906124 -9999 54.6666510206667 54.5555399095555 49.9999895693333 45.999968708 43.4444340137778 42.1110954651111 42.5555399095555 44.7777569164444 47.4444235831111 49.6666510206667 50.999968708 51 -9999 -9999 -9999 -9999 -9999 -9999 -9999 -9999 -9999 55.3333333333333 53.4444183677778 51.2222117915555 47.1111111111111 44.3333229026667 44.1111006804444 45.3333333333333 45.1249882655 45 -9999 -9999 -9999 -9999 -9999 48.999976531 48.1111006804444 49.7777777777778 52.3333229026667 53.3333541946667 54.6666927433333 52.8889097502222 51.2222222222222 45.1427766777142 -9999 45.6666666666667 45.3333646253334 -9999
51.2222274375556 52.1111006804444 53.9999791386667 57.1110693884444 59.5555451248889 58.4444235831111 56.5555451248889 55.4444392291111 55.1111058957778 54.9999947846667 54.5555294788889 52.8888680275555 54.4444079371111 57.333328118 57.9999895693333 56.3332759646666 53 -9999 54.8000563256 56.7777569164444 51.1110902497778 46.9999739233333 44.999984354 45.4444131524444 47.8888575968889 50.999992177 52.6666510206667 -9999 -9999 -9999 -9999 -9999 -9999 -9999 -9999 -9999 -9999 -9999 58.000046938 55.0000052153333 53.1110954651111 49.2222065762222 46.4444340137778 46.3333385486667 45.1250117345 44 -9999 -9999 -9999 -9999 -9999 -9999 55 50.66664059 50.499992177 51.8888836735555 52.1111111111111 53.7777882084444 51.2222170068889 51.8888836735555 52.3332916106666 48.9998748319999 -9999 -9999 -9999
53.6666510206667 54.7777621317778 56.3333229026667 58.9999947846667 60.8888784582222 60.3333333333333 58.2222117915555 57.3333176873333 57.8888836735556 58.5555399095555 57.4444235831111 57.9999582773333 60.666624944 62.8888575968889 62.999968708 65.9999947846667 63.0714017497143 56.5 55.2000093876 61.1110954651111 55.1111006804444 49.8888628122222 48.999968708 49.499976531 51.249976531 -9999 -9999 -9999 -9999 -9999 -9999 -9999 -9999 -9999 -9999 -9999 -9999 -9999 -9999 56.8571495625714 53.2222482988889 53.4444548751111 47 45.0833333333333 -9999 -9999 -9999 -9999 -9999 -9999 -9999 -9999 -9999 -9999 -9999 56.1249882655 54.4444235831111 55.1110902497778 52.9999895693333 53 54.6666614513333 57.999968708 53.5998967363999 -9999 -9999
56.1111006804444 56.8888732428889 57.8888836735556 60.8888888888889 63.1111058957778 63.333312472 61.4444183677778 58.7777621317778 60.2222065762222 60.5555607708889 59.3333176873333 62.4444287984444 65.6666458053333 67.1110954651111 69.2221648535555 67.5555712015556 68.6666458053333 58.375023469 53.6666666666667 59.4444653057778 53.5000117345 49.8000187752 49.500023469 -9999 -9999 -9999 -9999 -9999 -9999 -9999 -9999 -9999 -9999 -9999 -9999 -9999 -9999 -9999 -9999 58.999968708 52.3333333333333 50.999984354 47.3333176873333 45.499992177 -9999 -9999 -9999 -9999 -9999 -9999 -9999 -9999 -9999 -9999 -9999 56.4000187752 56.37498239825 56.375 55.7777464857778 53.9999947846667 54.4444340137778 57.2222170068889 53.6667136046667 -9999 -9999
56.6666614513333 57.2222013608889 59.7777673471111 62.6666666666667 63.666671882 64.666656236 66.2222222222222 62 62.4444287984444 64.4444287984444 66.2221804995555 66.1111006804444 65.666656236 70.4444444444444 72.7777777777778 75.2222013608889 70.6666510206666 56.333328118 44.2858483942858 49.6667761886667 -9999 -9999 -9999 65 69 57 -9999 -9999 -9999 -9999 -9999 -9999 -9999 -9999 -9999 -9999 -9999 -9999 -9999 -9999 56.24997066375 55.2222117915555 51.1110850344444 46.9999882655 -9999 -9999 -9999 -9999 -9999 -9999 -9999 60 -9999 -9999 -9999 62.499953062 61.5 60.999976531 60.499976531 58.4443922911111 59.7777412704444 61.8888419508889 60.5555346942222 -9999 -9999
59.999984354 59.2222117915555 62.1111319724445 63.1111006804444 63.1111163264444 63.8888888888889 66.2222170068889 63.8888993195556 64.6666510206666 68.6666353746666 70.2221961455555 70.6666458053333 70.1111058957778 70.6666666666667 72.4444287984444 76.1111476184445 72.9999322006666 58.8888784582222 49.9998852626666 46.9998826549999 50.999953062 63.6665571446666 61.62498239825 62.9999739233333 64 -9999 -9999 -9999 -9999 -9999 -9999 -9999 -9999 -9999 -9999 -9999 -9999 -9999 -9999 -9999 61.3333020413333 59.3333229026667 55.1110954651111 51 -9999 -9999 -9999 -9999 -9999 -9999 -9999 -9999 -9999 -9999 -9999 64.4 62.3333020413333 -9999 66.499976531 64.1428236157143 62.4444600904445 63.0000201162857 58.5002112210001 -9999 -9999
59.7777934237778 61.1110954651111 63.1111215417778 65.1111006804444 64.5555399095555 65.6666510206666 67.8888784582222 66.1110902497778 65.8888941042222 71.3333333333333 72.6666614513333 69.9999895693333 68.1111267571111 72.6666458053333 74.8888471662222 77.2221804995555 72.333296826 74.7777151937777 72.1110276657777 68.2220918388888 67.8888263048889 67.2222222222222 68.1111111111111 65.49998239825 -9999 -9999 -9999 -9999 -9999 -9999 -9999 -9999 -9999 -9999 -9999 -9999 -9999 -9999 -9999 -9999 -9999 62.8888888888889 57.7999906124 59.199953062 -9999 -9999 -9999 -9999 -9999 -9999 -9999 -9999 -9999 -9999 -9999 67.6666823126667 67.0999718372 -9999 -9999 -9999 64.000015646 -9999 -9999 -9999 -9999
62.999968708 63.8888680275555 66.1111058957778 68.7777569164444 67.1111006804444 68.666656236 71.333312472 70.6666353746667 70.5555034022222 72.7777673471111 74.1110954651111 72.1110746037778 73.1110589577778 80.2221752842222 78.1111058957778 77.666687528 80.333312472 81.1110746037778 77.7777673471111 76.4444235831111 75.1110902497778 71.2221804995555 70.2222065762222 70.1666510206667 -9999 -9999 -9999 -9999 -9999 -9999 -9999 -9999 -9999 -9999 -9999 -9999 -9999 -9999 -9999 -9999 -9999 63.5 -9999 65.142843732 66.4999061239999 -9999 -9999 -9999 -9999 -9999 -9999 -9999 -9999 -9999 -9999 69.999953062 72.7499647965 -9999 -9999 -9999 -9999 -9999 -9999 -9999 -9999
71.8888471662222 66.4444131524444 68.5555190482222 71.5555399095555 69.8888367355555 75.33328118 78.7777464857778 78.3333020413333 76.5555399095555 74.3333229026667 75.4444600904445 74.5555503402222 77 79.3334011326667 75.2222795908889 76.6667083893334 78.8889045348889 78.2222013608889 78.9999895693333 79.8888836735556 79.3333072566667 73.7777725624444 69.4285982502857 -9999 -9999 -9999 -9999 -9999 -9999 -9999 -9999 -9999 -9999 -9999 -9999 -9999 -9999 -9999 -9999 -9999 -9999 -9999 -9999 70.749953062 71.3333020413333 -9999 -9999 -9999 -9999 -9999 -9999 -9999 -9999 -9999 -9999 -9999 72.5 77.74999413275 75 -9999 -9999 -9999 -9999 -9999 -9999
77.2222117915555 75.4443975064444 77.4444027217778 79.9999739233333 79.33328118 82.2222222222222 83.7777829931111 78.2222482988889 76.8888784582222 75.3333333333333 74.3333489793333 73.8888993195555 75.4444600904445 76.0000260766667 74.5555503402222 74.7777882084444 76.8888888888889 78.6666666666667 77.4444548751111 78.3333489793333 80.3333541946667 74.5555607708889 69 -9999 -9999 -9999 -9999 -9999 -9999 -9999 -9999 -9999 -9999 -9999 -9999 -9999 -9999 -9999 -9999 -9999 -9999 -9999 -9999 -9999 -9999 -9999 -9999 -9999 -9999 -9999 -9999 -9999 -9999 72.6665884366666 83.2499882655 86.6666666666667 -9999 83.7777517011111 79.166624944 -9999 -9999 -9999 -9999 -9999 -9999
82.0000052153333 82.4444131524444 82.7777777777778 83.666671882 84.7777882084445 84.4444600904445 82.3333229026667 80.66664059 80.2221961455555 77.1111006804445 74.5555451248889 72.4444496597778 75.999984354 79.2222117915556 79.7777621317778 76.7777517011111 75.7777725624444 77.6666770973333 74.2222587295556 76.5555607708889 74.666687528 73.3333959173334 -9999 -9999 -9999 -9999 -9999 -9999 -9999 -9999 -9999 -9999 -9999 -9999 -9999 -9999 -9999 -9999 -9999 -9999 -9999 -9999 -9999 -9999 -9999 -9999 -9999 -9999 -9999 -9999 -9999 -9999 -9999 84 84.000046938 87.4444548751111 88.6666666666667 85 84.2222222222222 -9999 76 -9999 79.999953062 -9999 87.999976531
81.4444600904445 81.000015646 81.2222378682222 82.6666927433333 83.4444548751111 84 82.9999947846667 83.3333333333333 83.333328118 82.4444027217777 78.8888471662222 76.8888523815555 77.6666666666667 83.7777777777778 85.333312472 80.999984354 77.1110902497778 75.2222326528889 74.1111058957778 72.25005280525 73.999976531 -9999 -9999 -9999 -9999 -9999 -9999 -9999 -9999 -9999 -9999 -9999 -9999 -9999 -9999 -9999 -9999 -9999 -9999 -9999 -9999 -9999 -9999 -9999 -9999 -9999 -9999 -9999 -9999 -9999 -9999 -9999 -9999 -9999 87 88.000015646 88.4444131524444 88.1428236157143 87.5999718372 85.7999812248 -9999 -9999 88 87.5 88.3333333333333
81.1111111111111 81.0000208613333 81.1111371877778 81.7778038544444 84.6666510206666 84.1111267571111 82.2222222222222 82.6666823126667 84.7777725624444 86.3333229026666 82.1110798191111 80.8888836735555 82.8888628122222 86.1111006804445 81.8889149655556 82.5555555555556 76.5555503402222 72.5555659862222 73.00004107075 67 -9999 -9999 -9999 -9999 -9999 -9999 -9999 -9999 -9999 -9999 -9999 -9999 -9999 -9999 -9999 -9999 -9999 -9999 -9999 -9999 -9999 -9999 -9999 -9999 -9999 -9999 -9999 -9999 -9999 -9999 -9999 -9999 -9999 -9999 -9999 88.999906124 87.8571495625714 88.6666927433333 88.6111371877778 88 -9999 -9999 88.7499647965 89.7777725624444 90.333312472
