data/raster/bioclim/future/ascii/bio3.asc
NCOLS 240 
NROWS 94 
XLLCORNER -180 
YLLCORNER -57.499992177 
CELLSIZE 1.5 
NODATA_value -9999 
[rows 0 to 27 of 94, columns 130 to 194 of 240]
-9999 -9999 -9999 -9999 -9999 -9999 -9999 -9999 -9999 -9999 -9999 -9999 -9999 -9999 -9999 -9999 -9999 -9999 -9999 -9999 -9999 -9999 -9999 -9999 -9999 -9999 -9999 -9999 -9999 -9999 -9999 -9999 -9999 -9999 -9999 -9999 -9999 -9999 -9999 -9999 -9999 -9999 -9999 -9999 -9999 -9999 -9999 -9999 -9999 -9999 -9999 -9999 -9999 -9999 -9999 -9999 -9999 -9999 -9999 -9999 -9999 -9999 -9999 -9999 -9999
-9999 -9999 -9999 -9999 -9999 -9999 -9999 -9999 -9999 -9999 -9999 -9999 -9999 -9999 -9999 -9999 -9999 -9999 -9999 -9999 -9999 17 17 17 17 -9999 17 16.6666666666667 16.000007823 16 16 16 16 15.5 -9999 -9999 -9999 -9999 -9999 -9999 -9999 -9999 -9999 14 -9999 -9999 -9999 -9999 -9999 -9999 -9999 16 16 15.4000281628 16 16 -9999 -9999 -9999 -9999 -9999 -9999 -9999 -9999 -9999
12.7499882655 13.1666744896667 13.6 13.8333333333333 15.9999865891428 14.87499413275 14.7499882655 14 -9999 -9999 -9999 13 13 -9999 -9999 -9999 -9999 -9999 -9999 -9999 -9999 18 17.999984354 17 18 18 17.3333333333333 17 17 17 16 -9999 -9999 -9999 -9999 -9999 -9999 -9999 -9999 -9999 -9999 -9999 -9999 -9999 -9999 -9999 -9999 -9999 -9999 -9999 -9999 16 15.999992177 15.9999947846667 16.2222274375556 16.8333255103333 16.7500117345 18 18 -9999 -9999 -9999 -9999 -9999 -9999
15.74999413275 16.8888732428889 17.499968708 18.2499882655 19.999992177 21.4999882655 -9999 -9999 -9999 18 -9999 -9999 -9999 -9999 -9999 -9999 -9999 -9999 -9999 -9999 -9999 -9999 -9999 -9999 -9999 -9999 -9999 -9999 -9999 -9999 -9999 -9999 -9999 -9999 -9999 -9999 -9999 -9999 -9999 -9999 -9999 -9999 -9999 -9999 -9999 -9999 -9999 -9999 -9999 -9999 -9999 -9999 -9999 -9999 -9999 17 17.3333333333333 18 18.1666588436667 18.5 18 -9999 -9999 -9999 -9999
18.7999906124 19.125 -9999 -9999 -9999 22 -9999 -9999 -9999 -9999 -9999 -9999 -9999 -9999 -9999 -9999 -9999 -9999 -9999 -9999 -9999 -9999 -9999 -9999 -9999 -9999 -9999 -9999 -9999 -9999 16 16.3333333333333 16.6666666666667 16.6666823126667 17.3333411563333 17.0000093876 -9999 -9999 -9999 -9999 -9999 -9999 -9999 -9999 -9999 -9999 -9999 -9999 -9999 -9999 -9999 -9999 -9999 17 17 -9999 17 17.6000093876 18.1111163264444 18.333343764 17.875 16.6000093876 16 15.25 15
-9999 -9999 -9999 -9999 -9999 -9999 -9999 -9999 -9999 -9999 -9999 -9999 -9999 -9999 -9999 -9999 -9999 -9999 -9999 -9999 -9999 -9999 -9999 -9999 -9999 -9999 -9999 18 16.999992177 15.9999947846667 15.0000134108572 15.0000117345 15.999984354 16.3333333333333 -9999 -9999 -9999 -9999 -9999 -9999 -9999 -9999 -9999 -9999 -9999 -9999 14 15 15 15 15 15.2857276965714 16 16.0000052153333 16.4444496597778 16.6666770973333 16.6666823126667 16.8888941042222 17 17.0000052153333 16.6666666666667 16.0000052153333 15.4444496597778 15 14.6666666666667
-9999 -9999 -9999 -9999 -9999 -9999 -9999 -9999 -9999 -9999 -9999 -9999 -9999 -9999 -9999 -9999 -9999 -9999 -9999 -9999 -9999 -9999 -9999 -9999 -9999 22 20.5714285714286 18.8888888888889 17.4 17 -9999 -9999 -9999 -9999 -9999 -9999 16 17 -9999 -9999 -9999 -9999 -9999 14 14 14 14 14.2857142857143 14.7777882084444 15 15 15.2222170068889 15.5555607708889 15.9999947846667 16 16 16 16 16 16 16 15.428578134 15 14.75 14
-9999 -9999 -9999 -9999 -9999 -9999 -9999 -9999 -9999 -9999 -9999 -9999 -9999 -9999 -9999 -9999 -9999 -9999 -9999 -9999 -9999 -9999 -9999 -9999 22 21.333343764 20.1111163264444 19.000046938 -9999 -9999 -9999 -9999 -9999 -9999 -9999 17 16.2222274375556 17 17 16 15.75 15 14.428578134 14 14 14 14 14 14.333328118 15 15 15 15.1111163264444 15.8888836735556 16 16 16 15.5555555555556 15 15.3333333333333 15.1111215417778 15 15 14.7777673471111 14
-9999 -9999 -9999 21 21 22 22.5 23.5000187752 25.3333568023333 23.4000093876 20.5 -9999 -9999 -9999 -9999 -9999 -9999 -9999 -9999 -9999 -9999 -9999 -9999 -9999 -9999 20.5 19.3333411563333 19 19 20 -9999 -9999 -9999 -9999 17 17 17 16.7777829931111 16.1999906124 16 15.4285580177143 15 15 14.5555451248889 14.3333333333333 14.2222170068889 14 14.1111163264444 14.9999895693333 15 15 15.1111111111111 15.5555503402222 16 16 16 16 15.9999947846667 15.666656236 15.7777777777778 15.5555503402222 15.0000052153333 15 14.7777829931111 14
27.000046938 25 21.87500586725 20.3333333333333 20.4444496597778 20.7777829931111 21.1111163264444 21.5555764168889 21.8888941042222 21.1111163264444 19.24999413275 17.2222117915555 16.8333255103333 17.7499882655 19 -9999 -9999 -9999 -9999 -9999 -9999 -9999 20.75 20 -9999 18 -9999 -9999 20 20 19 18.4285714285714 18 17.5000117345 17 17 16.7777777777778 16.1111111111111 16 15.3333411563333 15.0000104306667 15 15 15 15 14.8888784582222 14.6666770973333 15 15 15.6666614513333 15.5555503402222 15.3333333333333 15.6666614513333 15.8888836735556 16 16 16 16 16.2222117915555 16.1111058957778 16 15.9999947846667 15.4444392291111 15 14.3333229026667
25.3333333333333 23.7777829931111 21.8888993195556 20.7777777777778 20.333328118 20.4444496597778 21 21.5555451248889 21.1111163264444 20.9999947846667 20.2222117915555 19.3333176873333 18.5555346942222 18.666656236 18.9999947846667 19.50000586725 20.6666823126667 21.500023469 -9999 24.5 23.8000093876 -9999 20.25 19.0000134108572 18.0000052153333 17.5555503402222 17.9999932945714 18.5555607708889 19.2222326528889 19.4444548751111 19.2222274375556 18.5555451248889 17.8888888888889 16.8888941042222 16.333343764 16.25 16.0000052153333 16 15.7142723034286 15 15 15 15.1111058957778 15.1111163264444 15.5555451248889 15.5555555555556 15.666656236 15.8888784582222 16 16 16 16 16 16 16 16 16.4444287984444 16.9999895693333 17 16.9999947846667 16.6666666666667 16.2222170068889 15.9999947846667 15.2222222222222 14.6666666666667
23.2222222222222 22.8888941042222 22.333328118 21.4444392291111 21 20.4444287984444 20.6666666666667 21.6666666666667 21.8888888888889 21.0000052153333 20.2222117915555 20 20 20 19.1666588436667 18.3333411563333 19.000015646 20.8 22.6666744896667 22.6666823126667 22.3333385486667 21.2222222222222 20.1111111111111 18.8888941042222 17.9999947846667 17.8888732428889 18 18 18.666671882 19 19 18.3333333333333 17.6666666666667 16.7777725624444 16 16 16 16 15.2857209911429 15.1111163264444 15 15.3333229026667 15.7777777777778 15.9999947846667 16.1111111111111 16.3333333333333 16.6666666666667 16.6666666666667 16.9999947846667 16.9999947846667 16.7777725624444 16.6666510206667 16.0000052153333 16 16 16.4444340137778 16.9999947846667 17.2222170068889 17.4444340137778 17.3333333333333 17.2222170068889 16.8888888888889 16.333328118 15.8888888888889 15.3333229026667
22.6666458053333 22.8888993195556 22.5555503402222 21.8888888888889 21.3750117345 -9999 21.1999906124 21.0000052153333 21.0000052153333 20.2222326528889 19.4444444444444 19.5555555555556 20 20 19 18 18.7999812248 20.1111058957778 21.7777777777778 22 21.5555555555556 20.4444444444444 19.6666666666667 18.6666666666667 18 18 18 18.1111058957778 18.4444496597778 19 19 18.8888836735556 17.8888888888889 17.1111111111111 16.2222222222222 16 16 16 16 15.8888888888889 15.8888888888889 16 16.2222170068889 16.5555503402222 16.9999947846667 17.1111111111111 17.333328118 17.4444444444444 17.666656236 17.5555399095555 17 17 16.9999947846667 16.7777777777778 16.8888680275555 16.8888941042222 17.2222222222222 18 18.333328118 18.3333333333333 18.2222170068889 17.8888784582222 17.4444392291111 16.7777725624444 16.2222222222222
22.7777777777778 23.1111058957778 22.1428571428571 22 22.5 22.6666666666667 21.7777725624444 20.4444548751111 19.5555712015556 19.8888836735556 18.7777725624444 19 19.8888836735556 20 19.9999947846667 19.4444287984444 20 20.7777725624444 21.5555607708889 21.8888941042222 21.1111111111111 20.3333333333333 19.4444444444444 18.666671882 18 18 18 18.9999947846667 19.1111058957778 19.6666614513333 20 19.4444392291111 18.5555451248889 17.7777725624444 16.9999947846667 16.4444340137778 16.1111058957778 16 16 16.2222117915555 16.5555555555556 16.7777725624444 17.2222170068889 17.5555555555556 17.7777725624444 18 18 18 18 18 18 17.7777673471111 17.0000052153333 17 17 17.2222170068889 17.6666666666667 18.7777777777778 19.3333333333333 19.5555451248889 19.3333333333333 19.2222065762222 18.5555503402222 17.9999895693333 17.4444340137778
24.3333229026667 23.9999932945714 -9999 -9999 22.6666588436667 22.8888888888889 22 20.2222170068889 19.6666614513333 20 19.7777777777778 19.9999895693333 20.5555399095555 20.999984354 21.3333333333333 21.1110954651111 21.333328118 21.4444444444444 21.8888941042222 21.8888784582222 21.1111215417778 20.6666666666667 19.2222274375556 18.333343764 18 18 18.3333333333333 19 19.5555451248889 20.2222170068889 20.7777777777778 20.3333229026667 19.333328118 18.3333333333333 17.6666666666667 17.1111058957778 16.9999947846667 16.999984354 16.7777725624444 16.9999947846667 17.5555451248889 17.9999947846667 18.333328118 18.5555503402222 18.4444444444444 18.3333333333333 18.4444340137778 18.4444496597778 18.8888784582222 19 18.6666614513333 18.1111111111111 17.8888941042222 17.5555555555556 17.7777725624444 18.2222170068889 18.9999947846667 19.8888888888889 20.5555503402222 20.666656236 20.3333229026667 20 19.5555555555556 18.8888888888889 18.333328118
26 24.125 22.6666823126667 23 22.6666823126667 22.428578134 21.000023469 20.7499882655 20.3333176873333 20.25 20.333328118 21.6666458053333 22.1110902497778 22.333328118 22.1111058957778 22 22 21.5555607708889 21.4444548751111 21.1111111111111 20.7777882084444 20.2222274375556 18.666671882 18 18 18.1111058957778 18.4444496597778 19 19.7777777777778 20.6666666666667 21.4444444444444 20.7777777777778 19.9999947846667 19.2222170068889 18.333328118 17.8888836735556 17.6666666666667 17.6666666666667 17.8888784582222 18.2222065762222 18.5555503402222 18.9999947846667 19 19 19 19 19 19 19.2222170068889 19.3333333333333 19.2222222222222 18.9999947846667 18.666656236 18.333328118 18.4444444444444 19.333328118 20.333328118 21.3333333333333 21.8888784582222 21.333328118 21 20.9999895693333 20.1111058957778 19.8888784582222 19.1111111111111
27.2222274375556 25 23 -9999 22 21.75 21 21.5555503402222 22.1110902497778 21.9999895693333 22.3333229026667 23.666656236 23.666656236 23 22.5555399095555 21.666671882 20.8888993195556 20.4444548751111 20.333343764 20.2222326528889 19.8888836735556 19.1111215417778 17.8888888888889 17.5555659862222 18.4444392291111 18.8888888888889 19.1111058957778 19 20.1111111111111 20.7777829931111 21 20.8888941042222 20 19.4444496597778 19 18.8888836735556 18.6666614513333 18.7777777777778 19.1111058957778 19.4444392291111 19.4444444444444 19.5555503402222 19.4444287984444 19.1111163264444 19.666671882 19.7777725624444 19.2222170068889 19.4444496597778 20 20 20 19.7777725624444 19.4444392291111 19.3333333333333 19.3333333333333 20.7777673471111 21.8888836735556 22.666656236 22.4444392291111 21.9999947846667 21.2222117915555 21 20.8888888888889 20.4444392291111 19.999984354
27.6666770973333 26 23.3333333333333 -9999 23 22.7499882655 22.4285647231429 23.333328118 23.6666666666667 23.8888836735556 24.5555399095555 24.2222117915555 23.5555607708889 22.4444444444444 21.8888888888889 20.3333333333333 19.1111163264444 18.7777777777778 18.7778038544445 18.6666770973333 18.6666770973333 18.7777673471111 18.1111006804444 18.4444444444444 19.2222222222222 19.9999947846667 20.333328118 20.4444287984444 21.4444340137778 21.4444444444444 21 20.7777882084444 20 19.1111163264444 19 19 19 19 19.3333385486667 20 20 19.7777777777778 19.4444444444444 20 20 20 19.3333333333333 20 20.3333385486667 20.8888888888889 20.7777725624444 20.5555451248889 20.3333333333333 20.5555503402222 21.2222065762222 22.2222170068889 23.1111058957778 23.8888784582222 23.2222170068889 22.2222170068889 21.6666666666667 21.1111058957778 21.5555399095555 21.666656236 21.3333176873333
27 -9999 -9999 -9999 24.6249882655 24.9999947846667 25.5555451248889 24.9999947846667 24 24.3333385486667 24.7777829931111 23.7777829931111 22.8888993195556 22.1111111111111 21.1111058957778 19.7777777777778 19.2222117915555 18.8888732428889 18.1111111111111 18 18 18.2222222222222 18.9999947846667 19 19.6666666666667 20.6666666666667 21.4444444444444 22.3333229026667 22.8888836735556 22.5555503402222 21.4444444444444 20.8888941042222 19.7777777777778 18.7777777777778 19 19.1111058957778 19 19 19.1111163264444 19.3333489793333 19.4444496597778 19.1111163264444 19.5555503402222 20.333328118 20.7777725624444 20.5555503402222 20.333312472 20 20.5555607708889 21 21 21 21 21.6666614513333 22.2222274375556 23.5555451248889 24.2222117915555 24 23.5555555555556 22.3333333333333 21.4444496597778 21.7777777777778 22.1111111111111 22.8888888888889 23
26.249976531 24.2857075802857 25.571421866 25.12498239825 25.1111215417778 26.8888732428889 27.1111111111111 25.2222170068889 24 24 23.999984354 23.0000052153333 22.9999895693333 22.2222117915555 21.7777673471111 21.1111058957778 20.8888732428889 20.1110954651111 19.4444392291111 19.2222117915555 19.2222117915555 19.333328118 19.1111111111111 19 19.8888836735556 21.1111111111111 22.2222117915555 23 23.333328118 23 22.2222222222222 21.2222222222222 20.2222117915555 19.4444444444444 19.6666614513333 20.333328118 20.3333333333333 19.8888784582222 19.333328118 19.1111058957778 19.2222170068889 19.6666666666667 20.2222117915555 20.8888888888889 21.5555503402222 21.7777725624444 21.5555503402222 21.2222170068889 21 21.1111058957778 21.8888784582222 21.8888784582222 21.4444392291111 21.9999947846667 22.5555607708889 23.5555555555556 24.333328118 24 23.666656236 22.3333333333333 21.4444340137778 21.8888888888889 21.7777777777778 21.7777882084444 24
26.6666614513333 27.6666458053333 27.4444340137778 25.8888784582222 25.8888628122222 27.0000104306667 26.4444444444444 25.4444392291111 24.9999895693333 25.2222065762222 24.2222222222222 23.8888836735556 23.7777673471111 23.5555503402222 23.333328118 23.2222170068889 23.1111006804444 22.3333333333333 21.6666614513333 21.4444340137778 21.1111006804444 20.7777725624444 20.5555503402222 20.3333229026667 21.4444392291111 22.1111058957778 22.9999947846667 23.5555555555556 24 23.8888888888889 23.2222117915555 22.1111111111111 21.2222170068889 21.333312472 21.5555503402222 21.9999895693333 21.9999791386667 21.1111006804444 20.6666614513333 20.5555451248889 20.4444392291111 20.9999895693333 21.666656236 22.2222117915555 22.5555555555556 22.9999895693333 22.6666614513333 22 22 22.1111006804444 21.7777829931111 21.2222326528889 21.000015646 21.666671882 22.4444392291111 23 23.4444496597778 24.1111058957778 23.8888836735556 22.5555607708889 21.9999895693333 21.4444444444444 21.9999947846667 22.1110954651111 23.4444444444444
27.8888993195556 30.7777725624444 28.9999791386667 27.4444392291111 26.8888941042222 26.9999947846667 26 25.8888836735556 25.8888784582222 26 25 25.2222170068889 25.2222170068889 24.4444340137778 24 24 23.8888784582222 23.2222274375556 22.5555607708889 22.0000104306667 21.9999895693333 21.6666666666667 21.9999895693333 22.5555451248889 23.2222117915555 23 23 23.7777777777778 24.4444496597778 24.3333333333333 23.6666666666667 22.5555555555556 22 22.5555555555556 23.2222117915555 23.7777673471111 23.4444287984444 22.4444444444444 22.999984354 22.5555451248889 22.333312472 22.4444392291111 23.2222117915555 23.7777725624444 23.6666614513333 24.333312472 23.8888732428889 23.4444340137778 23.4444340137778 22.8888888888889 21.1111058957778 19.2222378682222 19.5555659862222 21.0000052153333 22.3333229026667 22.9999895693333 23.6666458053333 25.2222170068889 24.6666770973333 23.8888836735556 22.2222222222222 21.1111058957778 21.7777725624444 22.7777725624444 23.7777673471111
30.5555555555556 31.3333333333333 30.5555503402222 29.8888888888889 28.3333229026667 28.1111006804444 27.5555346942222 27.4444235831111 27.2222065762222 26.4444392291111 25.4444392291111 26.0000052153333 26.0000052153333 24.9999947846667 24 24 24 23.2222222222222 22.999984354 22.8888888888889 22.7777673471111 23.1110902497778 23.3333333333333 23.666656236 23.8888680275555 23.333328118 23.3333333333333 24 24.5555607708889 24.1111111111111 23.6666666666667 22.4444444444444 21.7777829931111 23.5555451248889 23.8888941042222 24.2222222222222 24.6666614513333 24.5555399095555 24.7777725624444 23.5555607708889 22.6666666666667 22.8888941042222 24.1111163264444 25 24.1111163264444 24.4444548751111 24 24.4444392291111 24.6666666666667 24.8888680275555 23.1110954651111 19.8888732428889 19.6666614513333 21.5555503402222 23.5555555555556 23.8888836735556 26.0000052153333 26.8888732428889 26.4444340137778 26.1110954651111 22.8888836735556 21.2222170068889 22.2222222222222 23.9999895693333 25.1110902497778
32.2222274375556 31.7777725624444 31.8888732428889 32.2222065762222 31.5555346942222 31 31.2222117915555 30.3333072566667 28.9999895693333 27.0000052153333 25.2222274375556 25.6666666666667 26.1111111111111 25.2222222222222 24.1111163264444 24 24.1111111111111 23.4444444444444 22.5555555555556 23.1111111111111 23.666656236 24.5555503402222 24.7777777777778 24.7777725624444 24.333328118 24 23.7777777777778 24 24 23.8888941042222 23.0000052153333 22.1111163264444 22 22.7777829931111 23.0000104306667 24.7777777777778 25.9999895693333 25.3333333333333 24.2222222222222 22.3333333333333 21.4444548751111 22.4444444444444 23.9999895693333 25 24.5555555555556 24.2222222222222 23.5555503402222 24.1111163264444 25.0000104306667 25.8888941042222 25.2222170068889 22.4444444444444 21.4444392291111 23.1111111111111 25.8888575968889 26.4444183677778 27.9999739233333 29.1111006804444 29.4444287984444 28.2222170068889 24.6666666666667 22.9999895693333 22.8888784582222 24.5555503402222 24.7777777777778
31.7777725624444 30.7777882084444 30.2222222222222 31.1111267571111 31.9999947846667 32.8888836735556 33.1111163264444 31.5555555555556 30.1111058957778 27.0000052153333 23.87500586725 25.625 27.7777725624444 25.0000067054286 24 24.1666588436667 25.333328118 25.66664059 24.8888575968889 24.4444444444444 24.9999947846667 26.2222117915555 26.5555503402222 25.9999947846667 25.2222274375556 24.7777725624444 24.333328118 24 24 23.8888836735556 22.7777777777778 22.3333229026667 22.8888784582222 23.5555451248889 24.4444287984444 25.7777777777778 26.4444444444444 25.8888836735556 24 21.3333333333333 20.666656236 22.5555555555556 24.7777725624444 26.1111006804444 26.1111058957778 25.4444548751111 24.2222482988889 25.5555555555556 24.5555607708889 25.5555555555556 25.8888784582222 24.5555712015556 25.2221804995555 25.2222170068889 28.4444131524444 30.7777621317778 29.3333385486667 29.7777725624444 29.7777777777778 28.4444496597778 26.1111111111111 24.8888941042222 23.333328118 23.7777934237778 23.2222222222222
30.6666979586667 32.4444287984444 32.2222065762222 31.4444392291111 31.0000104306667 31.4444548751111 32.1111215417778 31.1111111111111 29.3333333333333 26.18750586725 23 28 29.87499413275 26.5999812248 24.6666666666667 25.12499413275 27.2222065762222 28.9999791386667 28.1110902497778 26.8888732428889 26.3333229026667 26.2222274375556 26.1428772591429 25.8888941042222 25.7777777777778 25.6666614513333 25.4444444444444 24.8888888888889 24.6666666666667 24.8888836735556 24.8888628122222 24.7777464857778 24.8888836735556 25.5555451248889 26.7777621317778 27.8888784582222 27.9999895693333 26.9999947846667 25.333328118 23.5555346942222 22.4444287984444 23.8888732428889 25.5555451248889 25.8889149655556 25.6666770973333 23.7777829931111 22.3333489793333 23.4444496597778 24.4444444444444 25.8888941042222 27.1111111111111 26.4444340137778 27.666656236 28.7777569164444 29.5555503402222 31.4444496597778 30.9999895693333 29.8888836735556 28.7777882084444 27.6666666666667 26.3333385486667 25 24.1111111111111 23.1111058957778 23.1111111111111
31.1999718372 29.5 30.5555920628889 30.5555607708889 30.8888836735556 29.3333385486667 30.0000052153333 30.1111163264444 28.0000104306667 25.5 -9999 -9999 -9999 -9999 -9999 27 31.3333020413333 33.6666458053333 33.6666145133333 29.4444235831111 27.4444444444444 24.666671882 24.000046938 24.1428638482857 25.1111267571111 26.3333333333333 26.9999895693333 26.5555503402222 26.5555451248889 27.4444235831111 27.9999634926666 27.3333176873333 27.1111006804444 27.4444444444444 29.2222065762222 30.5555451248889 30.1110902497778 28.9999791386667 27.3333229026667 26.4444183677778 24.5555555555556 24.666671882 27.1110902497778 28 26.5555503402222 23.1111371877778 22.7777777777778 25.9999634926666 25.8888628122222 27.1111058957778 27.666671882 28.1111058957778 29.6666301593333 29.2222170068889 30.333328118 31.5555399095555 31.4444496597778 30.4444392291111 28.9999947846667 27.6666666666667 26.5555451248889 25.7777777777778 24.7777777777778 24 24.2222222222222
27.1666666666667 30 30.7999906124 29.7777621317778 31.8888888888889 31.2222170068889 30.5555451248889 30.9999895693333 30.3333020413333 -9999 -9999 32 30.3333333333333 28.999953062 -9999 -9999 -9999 34.3333646253334 35.5555451248889 34.9999634926666 31.8889045348889 28.8888575968889 22.571421866 22 24.571421866 26.4444496597778 27.4444340137778 27.2222170068889 27.6666666666667 28.666656236 29.999984354 29.5555399095555 28.2222222222222 28.5555555555556 30.9999895693333 32.999984354 31.2222274375556 28.3333229026667 26.6667136046667 26.4444392291111 24.7777464857778 24.9999634926666 26 27.5555242635555 27.9999634926666 26.999937416 26.3333020413333 29.3333489793333 30.2222013608889 29.9999947846667 29.8888784582222 30.1110746037778 30.7777725624444 32.0000052153333 32.8888784582222 31.8888836735556 30.5555555555556 29.2222274375556 28.8888888888889 27.5555555555556 26.666656236 26 25.7777725624444 25.6666510206667 24.6666666666667
